0
2
3
4
8
11
15
7
20
12
14
24
26
17
18
30
33
36
38
39
43
45
42
48
32
52
34
51
58
60
57
63
65
68
70
74
76
73
75
55
67
72
85
87
84
94
89
90
95
100
91
88
106
107
104
105
112
114
120
118
117
119
123
115
125
129
132
135
136
142
146
147
138
139
145
133
144
150
141
159
161
163
162
171
168
174
176
182
179
185
165
188
189
192
198
195
196
197
157
164
169
209
177
178
215
216
214
181
186
199
200
227
226
232
228
231
233
207
211
240
242
245
243
250
255
251
253
221
260
262
224
265
247
268
269
272
273
249
277
252
280
281
285
283
288
291
290
294
295
300
296
298
304
306
308
310
313
319
312
317
324
328
325
329
316
327
333
337
314
344
345
346
343
318
353
321
326
357
359
332
362
363
365
372
373
374
370
339
380
350
364
367
385
386
387
368
392
394
395
398
400
402
405
406
404
410
414
416
412
413
415
419
425
428
431
432
436
430
440
442
448
450
444
435
441
456
454
460
457
463
422
427
434
469
472
468
476
478
470
481
484
483
446
447
474
490
494
496
497
491
492
502
505
504
510
506
509
514
516
518
521
520
524
526
528
533
535
538
529
530
531
537
542
554
551
552
553
548
559
564
569
567
568
571
546
556
579
583
584
582
585
590
562
565
594
596
597
599
609
606
613
616
602
611
627
618
624
628
575
577
580
608
614
617
620
645
647
652
655
656
658
651
650
663
654
621
622
669
629
630
673
675
680
682
678
683
641
674
691
541
694
699
702
696
698
697
708
711
713
706
544
717
550
721
720
598
726
727
730
601
603
607
735
737
612
638
643
646
746
748
745
754
752
666
758
679
764
765
766
773
774
772
782
787
780
781
783
798
794
802
808
806
807
815
788
797
799
822
763
828
827
826
833
835
767
770
784
786
790
843
844
847
795
851
852
860
855
859
864
796
804
814
830
841
854
856
857
874
876
877
686
688
883
701
709
723
740
892
893
741
898
897
751
753
903
760
908
913
915
917
912
924
921
923
932
931
935
928
937
909
944
945
943
918
919
955
957
963
966
970
969
930
975
979
977
978
936
985
989
991
993
995
986
996
951
958
1003
960
961
964
972
988
1005
1012
761
775
1020
777
801
1024
810
812
816
1029
1031
1033
819
1036
820
849
882
1042
1041
1046
1048
1043
1047
884
1055
1056
1059
1060
1062
1064
885
891
1069
1070
1072
1073
1074
1076
1080
1081
1088
1087
1091
1097
1100
1098
1103
1107
1109
905
907
911
1114
926
942
1119
1122
1118
1121
948
1128
1131
952
1134
1136
1139
954
1142
956
1145
968
976
1149
1002
1007
1153
1156
1159
1155
1162
1163
1166
1169
1171
1008
1011
1175
1018
1052
1181
1180
1179
1186
1192
1193
1187
1194
1200
1197
1077
1204
1083
1092
1093
1209
1213
1094
1216
1096
1220
1219
1223
1231
1225
1234
1227
1229
1228
1235
1101
1104
1245
1247
1249
1250
1255
1259
1262
1257
1267
1258
1270
1253
1260
1274
1123
1129
1138
1158
1282
1284
1283
1281
1290
1295
1297
1300
1298
1303
1305
1286
1308
1294
1311
1164
1183
1184
1188
1191
1210
1319
1212
1323
1325
1327
1221
1226
1239
1243
1252
1335
1339
1336
1337
1341
1261
1346
1265
1276
1292
1293
1320
1333
1357
1358
1354
1356
1363
1366
1364
1355
1371
1372
1373
1370
1380
1383
1385
1377
1393
1387
1389
1391
1376
1401
1381
1404
1408
1409
1406
1412
1415
1418
1421
1423
1407
1428
1419
1382
1386
1395
1438
1437
1440
1443
1436
1397
1416
1449
1453
1455
1451
1460
1459
1463
1465
1467
1448
1457
1425
1473
1472
1476
1478
1479
1481
1485
1482
1427
1491
1430
1494
1496
1497
1499
1498
1505
1500
1432
1510
1509
1515
1512
1511
1519
1521
1523
1524
1530
1529
1537
1534
1535
1543
1544
1549
1548
1552
1536
1539
1547
1557
1559
1560
1562
1565
1567
1568
1450
1572
1574
1580
1582
1575
1586
1588
1576
1578
1579
1594
1595
1585
1590
1487
1606
1601
1602
1603
1604
1611
1616
1612
1489
1621
1622
1624
1522
1631
1628
1629
1630
1637
1640
1636
1638
1641
1528
1647
1648
1649
1650
1652
1653
1533
1661
1663
1541
1605
1667
1669
1672
1676
1671
1678
1668
1675
1689
1694
1680
1685
1681
1700
1702
1704
1684
1693
1705
1712
1706
1715
1717
1720
1723
1724
1718
1726
1727
1615
1733
1736
1620
1657
1740
1674
1683
1744
1747
1746
1748
1751
1690
1692
1757
1758
1759
1763
1766
1768
1764
1769
1696
1709
1721
1777
1735
1750
1776
1781
1784
1785
1789
1788
1792
1795
1799
1802
1805
1808
1809
1812
1817
1815
1820
1796
1798
1801
1819
1803
1832
1835
1823
1825
1831
1841
1842
1843
1834
1849
1851
1854
1844
1857
1794
1862
1863
1864
1800
1870
1811
1814
1821
1837
1877
1876
1880
1883
1879
1852
1859
1888
1860
1867
1892
1894
1896
1900
1899
1897
1904
1907
1911
1909
1910
1917
1906
1912
1921
1922
1925
1928
1927
1935
1933
1936
1941
1926
1943
1913
1930
1948
1949
1954
1952
1953
1934
1963
1961
1962
1968
1967
1972
1974
1975
1980
1973
1985
1983
1938
1989
1990
1992
1956
1960
1971
1998
1999
2001
2004
1978
1982
2008
2010
2011
2014
2016
2018
2021
2022
2019
2027
2026
2030
2038
2041
2046
2028
2054
2055
2060
2053
2035
2037
2043
2059
2062
2072
2074
2032
2077
2078
2045
2049
2051
2056
2087
2089
2086
2090
2099
2103
2109
2111
2114
2100
2101
2104
2106
2129
2110
2117
2122
2126
2128
2140
2136
2142
2147
2094
2107
2112
2153
2152
2115
2121
2127
2133
2161
2165
2065
2169
2070
2174
2177
2179
2176
2173
2183
2091
2190
2191
2092
2096
2198
2199
2202
2205
2204
2207
2214
2209
2098
2118
2131
2141
2160
2181
2223
2194
2203
2029
2229
2031
2036
2233
2235
2238
2234
2243
2245
2239
2249
2248
2240
2253
2254
2259
2260
2040
2264
2265
2266
2270
2272
2274
2275
2276
2273
2042
2283
2286
2288
2290
2294
2292
2293
2299
2300
2303
2298
2307
2050
2310
2313
2312
2317
2316
2320
2327
2326
2330
2322
2323
2325
2329
2339
2340
2338
2324
2343
2346
2068
2083
2108
2353
2355
2357
2358
2135
2143
2363
2155
2366
2367
2370
2374
2373
2378
2376
2380
2382
2384
2389
2390
2394
2393
2396
2397
2404
2392
2408
2395
2401
2164
2168
2171
2178
2416
2417
2418
2424
2425
2426
2423
2428
2429
2422
2433
2182
2439
2188
2443
2444
2445
2450
2454
2451
2442
2458
2460
2446
2465
2468
2466
2453
2473
2475
2472
2461
2478
2195
2485
2486
2490
2483
2484
2495
2494
2496
2498
2210
2212
2227
2255
2507
2509
2256
2285
2306
2514
2515
2520
2517
2331
2352
2371
2530
2531
2536
2538
2540
2539
2544
2379
2388
2407
2462
2482
2489
2497
2554
2553
2556
2557
2561
2564
2565
2568
2572
2562
2570
2577
2579
2580
2516
2585
2518
2519
2526
2590
2529
2532
2533
2571
2574
2598
2602
2604
2605
2599
2608
2597
2614
2616
2609
2611
2576
2600
2622
2625
2624
2628
2630
2635
2634
2636
2640
2632
2639
2646
2648
2649
2652
2654
2655
2660
2650
2633
2664
2665
2671
2673
2676
2677
2679
2644
2666
2687
2669
2675
2692
2693
2691
2680
2647
2700
2699
2705
2701
2704
2712
2710
2711
2718
2719
2668
2724
2682
2730
2729
2684
2709
2714
2736
2737
2716
2722
2726
2744
2743
2728
2746
2752
2754
2759
2756
2757
2764
2750
2751
2768
2770
2769
2777
2782
2778
2784
2787
2789
2775
2780
2781
2795
2755
2798
2801
2800
2804
2806
2810
2809
2812
2763
2773
2818
2774
2822
2831
2823
2828
2835
2840
2825
2839
2844
2845
2846
2849
2826
2830
2793
2805
2816
2819
2859
2824
2827
2834
2836
2865
2867
2847
2870
2872
2874
2877
2875
2880
2882
2883
2887
2892
2896
2890
2899
2902
2891
2906
2910
2916
2918
2924
2909
2913
2929
2905
2934
2908
2938
2917
2919
2927
2932
2933
2941
2894
2900
2912
2914
2948
2950
2955
2959
2886
2888
2965
2893
2907
2915
2922
2973
2971
2972
2974
2936
2945
2949
2982
2983
2985
2963
2990
2964
2989
2995
2994
2997
3001
3003
3006
3008
3009
3010
3014
3013
3019
3020
3023
3027
3024
3021
3033
3034
3031
3038
3039
3041
2999
3002
3018
3048
3028
3052
3054
3056
3058
3064
3066
3062
3063
3057
3067
3059
3060
3075
3045
3079
3081
3085
3087
3084
3094
3095
3092
3102
3093
3107
3109
3114
3105
3108
3117
3080
3086
3127
3129
3132
3130
3098
3118
3091
3139
3099
3144
3145
3100
3149
3150
3104
3154
3155
3158
3122
3136
3140
3163
3164
3167
3168
3169
3174
3176
3178
3171
3051
3110
3183
3111
3119
3187
3123
3125
3193
3196
3195
3142
3188
3191
3203
3202
3208
3209
3207
3213
3206
3216
3221
3219
3226
3228
3232
3231
3241
3242
3222
3247
3235
3239
3240
3248
3220
3258
3225
3238
3246
3263
3266
3255
3257
3215
3277
3271
3282
3273
3275
3278
3286
3290
3288
3279
3296
3298
3300
3302
3299
3311
3303
3294
3295
3317
3308
3309
3321
3229
3324
3327
3329
3331
3326
3336
3332
3334
3339
3344
3346
3348
3233
3237
3352
3250
3265
3357
3358
3362
3366
3368
3375
3364
3359
3384
3379
3380
3393
3388
3397
3398
3400
3405
3406
3382
3414
3415
3419
3386
3424
3392
3399
3401
3413
3417
3420
3423
3427
3369
3383
3444
3447
3446
3425
3454
3426
3428
3461
3431
3439
3466
3458
3469
3460
3472
3272
3274
3476
3479
3480
3485
3491
3483
3488
3489
3478
3482
3486
3487
3494
3505
3481
3514
3515
3490
3520
3496
3524
3502
3504
3506
3517
3532
3534
3526
3537
3276
3304
3307
3544
3313
3340
3549
3555
3550
3553
3558
3554
3563
3565
3556
3341
3570
3572
3573
3577
3575
3581
3356
3360
3587
3586
3589
3597
3602
3604
3607
3609
3610
3617
3593
3594
3600
3601
3603
3622
3591
3605
3616
3633
3635
3638
3621
3625
3636
3595
3596
3651
3654
3655
3657
3661
3665
3668
3669
3650
3599
3606
3614
3676
3642
3648
3658
3684
3662
3689
3664
3678
3694
3700
3693
3699
3703
3695
3708
3698
3713
3715
3717
3727
3716
3719
3714
3725
3733
3737
3685
3706
3720
3726
3745
3747
3749
3757
3758
3761
3748
3767
3770
3751
3752
3753
3731
3732
3778
3779
3783
3790
3786
3791
3797
3795
3755
3763
3768
3771
3799
3807
3804
3363
3370
3813
3818
3819
3820
3814
3815
3373
3374
3830
3833
3828
3837
3836
3381
3387
3847
3854
3852
3845
3851
3853
3846
3862
3857
3865
3869
3866
3873
3876
3389
3879
3881
3394
3402
3403
3404
3888
3890
3892
3895
3898
3899
3906
3902
3896
3900
3912
3908
3432
3916
3917
3437
3449
3452
3924
3926
3453
3930
3932
3929
3459
3464
3938
3941
3943
3937
3939
3948
3493
3951
3952
3955
3497
3959
3961
3499
3521
3965
3967
3974
3975
3966
3968
3980
3972
3985
3988
3973
3987
3994
3997
4000
4007
4008
3995
4006
3969
3993
3996
3998
4005
4017
3529
3533
3541
3547
3552
3569
3580
4030
4031
4033
4034
4037
4040
4042
3584
4047
4051
4054
4061
4049
4050
4056
4058
4068
4069
4055
4059
3620
4076
4079
4083
4077
4081
4088
4089
4091
3630
3639
4096
4098
4099
4101
4107
4102
4110
4103
4113
4115
4119
4121
4124
4125
4117
4120
4126
4127
4130
4142
4134
4147
4148
4150
4159
4160
4149
4163
4164
4146
4174
4153
4155
4162
4182
4168
4187
4118
4138
4191
4151
4195
4154
4156
4199
4201
4204
4206
4161
4171
4172
4178
4212
4183
4216
4217
4186
4194
4223
4224
4230
4231
4226
4234
4237
3641
4240
4244
4243
3644
4250
4248
4249
3652
3667
3679
4258
4259
3683
4267
4265
4264
4266
4270
3688
4276
4275
4280
3696
3710
4285
4284
4286
4287
4293
3712
4298
4297
3718
4302
3722
4305
3728
3744
3754
4311
3759
4314
4316
3764
3781
3784
4321
4322
4323
4329
4331
3785
4336
4337
4334
3787
3789
3792
4344
4345
4351
4353
4357
4349
4360
4346
4361
4367
4366
4368
4373
4365
4376
4378
3811
3816
4384
3829
4387
4390
3831
4393
4396
4397
3838
4401
4403
4404
4407
3839
3842
3848
3849
4416
4419
4414
4415
4421
4428
4431
4433
4424
4429
4435
4440
4418
4439
4444
3868
3870
3875
4452
3885
3889
3904
4457
3905
4462
4465
4461
4463
4464
4470
4476
4460
4474
4483
4482
4487
4478
3918
4492
4501
4493
4495
4497
4499
4505
4510
4513
4494
4496
4519
4518
4521
4524
4525
4528
4529
4526
4527
4509
4539
4540
4543
4516
4534
4544
3946
4551
4552
3958
4556
4558
4561
4563
3981
4566
3982
3991
3999
4002
4572
4574
4577
4580
4579
4019
4023
4029
4586
4589
4587
4043
4046
4048
4052
4053
4598
4599
4074
4080
4087
4605
4607
4609
4611
4616
4617
4615
4614
4622
4624
4105
4627
4628
4633
4636
4638
4640
4646
4647
4644
4652
4635
4657
4656
4641
4642
4663
4666
4661
4629
4654
4672
4673
4128
4132
4678
4680
4135
4139
4684
4145
4177
4181
4202
4215
4219
4222
4228
4241
4256
4261
4699
4701
4698
4279
4290
4295
4709
4711
4707
4708
4715
4722
4724
4710
4713
4729
4728
4719
4734
4736
4735
4740
4306
4743
4747
4746
4745
4751
4753
4752
4757
4327
4328
4761
4335
4347
4352
4356
4369
4382
4383
4389
4771
4772
4395
4411
4779
4778
4777
4785
4787
4786
4789
4417
4798
4799
4802
4807
4804
4806
4812
4805
4810
4817
4822
4819
4825
4827
4420
4446
4447
4450
4467
4472
4835
4836
4477
4841
4842
4845
4486
4491
4500
4504
4851
4535
4549
4858
4856
4857
4862
4864
4867
4863
4560
4576
4873
4874
4877
4881
4880
4887
4883
4890
4892
4893
4590
4612
4900
4899
4907
4909
4914
4917
4923
4903
4904
4911
4898
4910
4932
4912
4915
4916
4918
4942
4920
4922
4946
4934
4935
4938
4631
4645
4650
4664
4668
4691
4714
4960
4962
4720
4731
4781
4969
4971
4976
4977
4973
4981
4784
4984
4986
4788
4792
4793
4796
4815
4818
4997
4995
4999
5002
4996
5007
5008
5010
5011
5000
5013
5020
5019
5021
5017
5003
5023
4820
4839
4854
4871
5035
5036
5037
5040
4878
5045
5048
5047
5051
5053
5054
5059
5061
5066
5068
5060
5062
5065
5074
5080
5082
5076
5085
5077
5055
5089
5090
5093
5091
5097
5098
5100
5075
5104
4882
4886
4901
4902
5110
5111
4921
5115
5116
4930
5121
5126
5127
5122
5124
5134
5125
5131
5133
4937
4949
4957
4961
4964
5144
4974
4975
4989
5026
5031
5041
5155
5154
5159
5163
5162
5157
5170
5171
5174
5176
5058
5180
5182
5183
5186
5188
5190
5192
5064
5069
5117
5198
5200
5145
5203
5205
5208
5209
5213
5212
5216
5217
5147
5160
5164
5166
5169
5226
5229
5230
5234
5235
5227
5228
5236
5232
5241
5178
5184
5207
5250
5253
5257
5259
5268
5262
5267
5252
5255
5258
5266
5254
5256
5281
5260
5264
5286
5290
5292
5284
5288
5294
5302
5304
5299
5301
5309
5296
5300
5311
5315
5316
5317
5319
5324
5323
5225
5330
5329
5332
5336
5338
5231
5270
5272
5275
5289
5303
5328
5331
5350
5337
5354
5353
5344
5360
5363
5361
5356
5359
5368
5370
5372
5374
5376
5377
5380
5382
5384
5385
5388
5392
5391
5390
5398
5399
5396
5397
5403
5405
5408
5410
5412
5414
5416
5420
5419
5417
5424
5428
5429
5434
5427
5430
5435
5426
5433
5443
5445
5437
5448
5450
5451
5456
5454
5462
5455
5468
5458
5460
5464
5474
5465
5478
5472
5461
5463
5484
5486
5487
5475
5491
5481
5494
5497
5495
5499
5500
5503
5506
5508
5510
5515
5514
5522
5516
5512
5518
5511
5528
5529
5513
5520
5536
5534
5535
5540
5543
5545
5541
5549
5551
5548
5554
5557
5558
5559
5564
5566
5556
5560
5570
5571
5574
5577
5578
5580
5576
5585
5583
5588
5590
5591
5592
5596
5598
5600
5602
5604
5605
5608
5615
5614
5618
5620
5611
5612
5613
5626
5631
5632
5628
5629
5638
5641
5645
5644
5648
5653
5652
5655
5635
5662
5661
5665
5669
5667
5673
5674
5672
5643
5647
5682
5685
5686
5688
5654
5696
5697
5693
5700
5656
5705
5707
5677
5680
5683
5713
5712
5716
5692
5695
5718
5720
5724
5726
5729
5732
5733
5728
5730
5739
5738
5609
5744
5746
5624
5749
5750
5751
5755
5756
5765
5760
5770
5775
5779
5769
5763
5772
5788
5789
5781
5782
5795
5757
5800
5798
5759
5762
5774
5792
5801
5812
5815
5816
5819
5817
5825
5823
5828
5831
5829
5833
5836
5804
5814
5835
5838
5845
5847
5630
5851
5855
5856
5852
5854
5864
5866
5639
5649
5870
5874
5872
5882
5875
5879
5881
5883
5890
5873
5876
5664
5694
5896
5901
5903
5897
5898
5899
5912
5915
5920
5914
5923
5925
5917
5928
5918
5930
5904
5936
5935
5940
5909
5944
5947
5910
5919
5932
5946
5698
5743
5761
5766
5773
5961
5960
5964
5776
5777
5784
5786
5799
5974
5977
5973
5981
5978
5982
5808
5988
5810
5824
5834
5993
5995
5998
5848
5860
6002
6004
6007
6006
6013
6011
6016
6018
5861
6022
6021
5863
5877
6027
6032
6028
6043
6045
6046
6049
6053
6056
6052
6054
6050
6058
6067
6070
6071
6033
6037
6082
6079
6078
6081
6039
6088
6091
6090
6095
6096
6041
6059
6103
6064
6108
6110
6111
6115
6118
6120
6073
6076
6080
6126
6093
6129
6131
6133
6132
6136
6139
6142
6144
6146
6150
6151
6152
6156
6162
6155
6147
6172
6149
6160
6161
6168
6170
6184
6186
6174
6182
6191
6194
6196
6197
6193
6097
6206
6107
6112
6211
6122
6215
6220
6219
6138
6153
6163
6164
6173
6232
6183
6235
6190
6202
6203
6204
6225
6231
6243
5886
6248
6247
6251
5906
5939
6255
6258
6262
6263
6267
6259
6272
6274
6276
6271
6279
6265
6283
6269
6286
6288
5942
5949
6292
6294
6298
6300
6295
6306
6308
6301
6297
5955
6313
6315
5966
5969
5975
6320
5979
6326
6330
6334
6335
6339
6340
6343
6352
6353
6345
6350
6325
6359
6332
6342
6362
6324
6368
6338
6341
6344
6347
6377
6379
6380
6381
6390
6384
6399
6398
6391
6349
6404
6367
6386
6393
6408
6413
6412
6410
6418
6419
6421
6425
6431
6426
6430
6436
6432
6437
6442
6443
6445
6438
5996
6450
6452
6453
6008
6460
6461
6467
6468
6473
6474
6457
6470
6481
6485
6493
6488
6492
6497
6459
6503
6475
6491
6508
6507
6499
6511
6466
6482
6494
6500
6519
6010
6029
6525
6528
6030
6533
6532
6031
6035
6040
6540
6548
6542
6553
6545
6562
6547
6555
6566
6568
6569
6574
6558
6571
6575
6549
6557
6583
6587
6541
6543
6593
6582
6596
6599
6602
6601
6609
6604
6612
6614
6607
6598
6619
6042
6622
6055
6062
6626
6628
6066
6100
6632
6634
6637
6635
6640
6104
6113
6165
6645
6169
6180
6650
6653
6655
6658
6195
6207
6662
6663
6668
6671
6672
6673
6675
6677
6665
6666
6684
6670
6689
6692
6683
6688
6691
6693
6212
6217
6218
6702
6706
6708
6709
6712
6226
6715
6716
6227
6239
6721
6722
6727
6731
6735
6728
6734
6741
6736
6746
6742
6725
6726
6732
6743
6750
6756
6763
6740
6748
6753
6762
6770
6773
6769
6771
6780
6782
6774
6775
6777
6790
6789
6787
6796
6800
6257
6804
6805
6808
6810
6812
6813
6806
6809
6818
6823
6825
6260
6828
6830
6278
6302
6835
6837
6839
6841
6303
6322
6327
6846
6328
6852
6331
6365
6858
6857
6860
6863
6370
6372
6374
6871
6872
6882
6874
6875
6881
6876
6877
6885
6382
6894
6893
6388
6389
6899
6392
6902
6903
6394
6395
6416
6422
6427
6912
6914
6913
6915
6916
6429
6923
6928
6924
6927
6932
6935
6936
6937
6945
6953
6948
6941
6942
6961
6951
6955
6967
6960
6971
6973
6977
6978
6976
6986
6989
6964
6970
6995
6997
6982
6926
6933
7004
7003
7007
6938
6939
6950
7017
6980
7021
6984
6985
6990
6999
7008
7030
7032
7010
7035
7036
7039
7011
6458
6462
7045
7044
7050
7053
7047
7048
7052
7056
7059
6463
7067
7070
7071
7074
7077
6464
6477
6480
6483
7083
6484
7087
7089
7092
7090
7095
7086
7093
6487
6512
6521
6523
6527
6530
6537
7109
7108
7111
7120
7117
7119
7112
7113
7115
7118
7134
7139
7142
7145
7150
7152
7154
7137
7148
7153
7163
7164
7156
7159
7162
7165
7173
7128
7132
7177
7138
7141
7181
7186
7187
7191
7193
7185
7197
7201
7199
7188
7205
7195
7208
7209
7210
7146
7182
7217
7184
7225
7226
7223
7224
7200
7221
6544
6551
7236
7239
7243
7242
7241
7238
7249
7253
7252
7257
7262
6554
6560
6561
6570
6572
6579
6584
7271
6588
6600
7275
6606
7279
7278
6618
6649
7285
7286
6652
7291
6654
6687
6703
6704
6729
6757
7299
6759
6761
7304
7309
7307
7308
7310
7318
7321
7328
7323
7326
7315
7316
7322
7325
7319
7327
7336
7342
7344
7345
7350
7352
7341
7343
7356
7359
7364
7365
7360
7340
7354
7375
7378
7380
7383
7374
7376
7377
7396
7384
7401
7389
7398
7402
7388
7412
7400
7410
7418
7415
7416
7421
7424
7361
7362
7366
7369
7435
7379
7386
7390
7408
7409
7419
7428
7429
7430
7448
7453
7450
7456
7457
7461
7459
7464
7463
7466
7472
7451
7471
7477
7473
6785
6791
6794
6795
6798
6802
6814
7493
7490
7496
7499
7492
7503
6831
7506
7508
7509
7511
6848
6849
7517
7520
7522
6851
6856
7527
7532
7535
7536
7540
7541
7545
7533
7543
7526
7529
7554
7530
7557
7537
7560
7542
7551
7561
6862
7568
7569
6867
6869
6878
7577
7576
7581
7579
7584
6879
7587
7589
7592
7598
7595
7593
7594
7591
7603
7613
7611
7617
7610
7614
7622
7616
7626
7628
6883
7631
7632
6911
6940
6946
6947
6959
6966
6974
6983
7643
7645
6992
7648
7009
7015
7020
7022
7025
7655
7054
7055
7058
7060
7662
7664
7667
7668
7669
7068
7075
7102
7676
7677
7678
7679
7124
7125
7130
7688
7692
7693
7687
7689
7691
7696
7131
7702
7135
7710
7714
7707
7718
7711
7713
7722
7716
7140
7144
7727
7728
7170
7732
7734
7216
7219
7220
7740
7742
7747
7748
7754
7752
7741
7745
7750
7762
7231
7767
7769
7771
7244
7251
7776
7255
7780
7779
7256
7259
7260
7786
7787
7281
7288
7303
7793
7305
7311
7799
7804
7808
7807
7812
7816
7811
7820
7824
7798
7827
7803
7830
7835
7805
7815
7831
7840
7834
7846
7800
7801
7814
7818
7857
7856
7860
7832
7844
7865
7845
7855
7858
7871
7874
7877
7880
7879
7888
7881
7882
7894
7896
7899
7872
7905
7907
7908
7909
7878
7889
7893
7920
7897
7924
7910
7928
7921
7925
7930
7933
7349
7373
7941
7385
7387
7404
7423
7438
7440
7452
7470
7480
7955
7958
7964
7962
7967
7959
7963
7973
7975
7968
7980
7482
7983
7987
7991
7993
7995
7988
7990
7986
7996
8002
7488
7491
7494
7495
8008
7515
7519
8012
8014
7531
8017
7546
8020
8024
8026
8027
8030
8031
8028
8037
8041
8043
8045
8046
8040
8051
8054
8052
7563
8058
7571
8061
7596
7604
8066
8065
7605
7606
8071
8075
8073
7609
7612
7623
8084
8088
8086
8089
8083
8096
8097
7659
7663
8103
7704
7705
8107
8108
8109
8114
8111
8117
7708
7709
8123
8124
8129
7739
8132
8133
8136
8134
8135
8143
8146
8145
8137
8147
8156
8154
8155
8148
7744
8162
8165
8169
8170
8171
8173
8166
8177
7749
7751
8185
7755
8189
7765
8192
8195
7766
8199
8201
8204
8202
7772
8209
8211
7796
7817
8216
8215
8219
8223
8225
8226
8229
7823
7841
7849
8234
8239
8240
8248
8244
8246
8237
8255
8242
8251
8238
8243
8265
8268
8264
7852
7854
7869
7873
7885
7887
8277
7890
7892
8282
8284
8287
8289
8293
8290
8296
8292
7900
7913
8301
7914
8305
7917
7929
7934
7940
7945
7948
7951
8314
8315
8318
7957
7961
7971
7974
7979
7984
8021
8023
8029
8038
8332
8050
8072
8077
8340
8080
8087
8092
8093
8346
8348
8350
8354
8366
8356
8357
8370
8358
8365
8376
8349
8359
8364
8375
8382
8386
8391
8387
8388
8392
8360
8384
8401
8385
8390
8396
8408
8407
8411
8095
8415
8414
8118
8122
8422
8127
8128
8150
8164
8429
8167
8172
8180
8183
8188
8437
8440
8439
8436
8445
8449
8448
8450
8456
8453
8463
8462
8460
8465
8461
8193
8474
8477
8472
8473
8197
8206
8220
8485
8221
8236
8491
8494
8492
8500
8501
8496
8509
8511
8514
8507
8508
8520
8522
8503
8519
8526
8528
8530
8531
8247
8536
8537
8538
8249
8543
8257
8546
8548
8549
8259
8553
8554
8557
8562
8565
8570
8566
8568
8569
8573
8576
8579
8584
8581
8558
8559
8590
8564
8596
8574
8599
8601
8585
8594
8610
8611
8613
8615
8625
8627
8616
8631
8607
8634
8609
8638
8637
8618
8619
8621
8623
8649
8624
8641
8603
8622
8643
8658
8654
8662
8261
8665
8670
8668
8675
8677
8678
8672
8684
8681
8266
8281
8690
8692
8693
8695
8689
8285
8700
8701
8705
8707
8711
8704
8710
8716
8717
8724
8725
8708
8729
8712
8732
8733
8723
8738
8734
8741
8743
8747
8749
8746
8748
8753
8757
8303
8761
8763
8766
8764
8317
8320
8771
8333
8774
8334
8339
8352
8781
8783
8785
8789
8791
8793
8795
8797
8780
8784
8786
8803
8804
8808
8810
8802
8805
8817
8812
8820
8816
8818
8826
8825
8827
8832
8353
8836
8835
8838
8355
8362
8373
8844
8846
8847
8850
8848
8394
8404
8417
8418
8858
8860
8426
8443
8447
8869
8455
8459
8471
8874
8876
8878
8881
8877
8887
8889
8880
8475
8893
8896
8897
8900
8902
8906
8905
8909
8914
8912
8913
8921
8918
8926
8925
8924
8476
8486
8488
8495
8499
8935
8505
8938
8512
8941
8943
8516
8535
8948
8950
8555
8954
8955
8960
8957
8965
8967
8578
8592
8971
8973
8977
8983
8981
8975
8976
8989
8979
8995
8992
8998
8999
9007
9008
9011
9001
8993
8994
9019
9021
9024
9026
9005
9000
9031
9032
9002
9037
9003
9017
9022
9034
9044
9046
9048
9051
9053
9056
9059
9049
9054
9065
9068
9067
9064
9074
9078
9077
9070
9083
9071
9087
9089
9091
9097
9098
9092
9106
9095
9109
9111
9112
9113
9100
9104
9119
9121
9094
9102
8593
9129
9127
9128
9126
9134
8606
9137
9142
9139
9145
9146
9150
9141
9157
9156
9151
9161
9162
9163
9169
9164
9167
9173
8608
8629
8640
8644
8656
9180
9183
9185
9186
9188
9191
9196
9197
9199
9204
9202
9193
9208
9210
9212
9214
8659
8667
8669
9219
9224
9226
9227
9230
9233
9234
9242
9221
9245
9248
9251
9252
9255
9260
9261
9249
9256
9222
9267
9268
9232
9273
9274
9278
9277
8674
8683
8709
9284
8715
8721
9288
9292
9293
9296
9290
9307
9305
9308
9297
9318
9319
9316
9321
9300
9301
9329
9317
9325
9333
9338
9342
9337
9345
9335
9336
9294
9295
9302
9352
9357
9353
9354
9358
9362
9364
9367
9371
9376
9377
9379
9365
9389
9390
9383
9385
9388
9396
9315
9323
9355
9369
9373
9398
8745
9406
9409
9408
8751
9413
9417
9416
9421
9422
9424
8759
8776
8807
8831
8859
9433
8864
8866
8868
9438
8882
8884
9444
9443
9446
8895
8903
9453
8904
8916
8919
9460
9461
9459
9466
9469
9467
9472
9475
9477
9484
9473
9474
9488
9479
9491
9500
9499
9495
9480
9492
9509
9496
9512
9497
9507
9508
9517
8946
8953
9523
9526
9527
9531
9534
9536
9522
9537
9528
8958
8962
8964
8978
8980
8985
9009
9549
9012
9553
9028
9040
9052
9057
9559
9076
9079
9564
9569
9567
9571
9086
9575
9577
9579
9093
9103
9584
9140
9148
9588
9589
9593
9595
9152
9598
9601
9604
9607
9609
9611
9613
9616
9615
9619
9623
9599
9627
9626
9630
9606
9622
9632
9154
9181
9189
9195
9200
9643
9642
9646
9649
9654
9650
9658
9653
9657
9648
9651
9664
9665
9667
9669
9671
9220
9236
9237
9238
9681
9239
9684
9240
9689
9687
9691
9694
9695
9693
9699
9703
9705
9707
9710
9247
9257
9714
9716
9717
9724
9721
9719
9722
9258
9731
9734
9736
9730
9739
9741
9746
9749
9743
9752
9754
9742
9759
9762
9760
9761
9765
9758
9773
9774
9775
9779
9778
9777
9767
9776
9787
9789
9270
9289
9306
9796
9309
9800
9802
9805
9807
9808
9310
9339
9340
9814
9372
9374
9378
9380
9384
9821
9414
9824
9826
9419
9426
9441
9832
9834
9447
9448
9458
9464
9840
9476
9846
9848
9850
9482
9493
9494
9856
9857
9505
9515
9524
9866
9869
9873
9864
9872
9874
9882
9881
9887
9865
9871
9884
9892
9893
9867
9877
9525
9551
9900
9563
9903
9905
9565
9908
9911
9566
9582
9915
9918
9591
9922
9923
9921
9924
9932
9933
9937
9941
9938
9936
9940
9600
9620
9629
9949
9950
9953
9955
9670
9959
9958
9673
9964
9963
9679
9968
9971
9973
9688
9698
9977
9709
9980
9715
9732
9744
9985
9748
9988
9991
9989
9995
9990
9994
10001
10002
10005
10006
9997
9757
10012
10015
10014
9769
9771
9786
10021
9797
10024
10026
9803
10029
9827
10033
10032
10038
9843
9844
9845
10044
9853
10048
10053
10054
10049
10052
10047
10060
10061
9860
9878
9883
9910
10071
10069
10070
10073
9916
9925
9927
9929
10086
10085
10083
10084
10087
10089
9970
10010
10099
10034
10036
10041
10106
10108
10110
10050
10114
10116
10064
10120
10123
10121
10119
10079
10128
10081
10131
10133
10088
10090
10101
10103
10139
10109
10140
10144
10146
10149
10154
10156
10148
10151
10164
10166
10152
10157
10162
10172
10174
10176
10173
10150
10171
10178
10158
10185
10186
10189
10161
10192
10194
10196
10197
10205
10198
10208
10199
10213
10216
10218
10200
10210
10223
10225
10221
10226
10229
10232
10233
10234
10239
10243
10245
10235
10242
10249
10201
10254
10253
10258
10257
10202
10212
10214
10240
10269
10267
10271
10251
10276
10277
10281
10263
10286
10265
10290
10291
10293
10304
10305
10308
10312
10294
10302
10316
10318
10320
10321
10322
10296
10299
10301
10307
10323
10330
10333
10339
10341
10342
10289
10349
10350
10354
10355
10295
10310
10364
10365
10366
10370
10361
10362
10375
10331
10334
10343
10360
10363
10377
10380
10382
10387
10268
10273
10280
10395
10397
10400
10403
10404
10407
10283
10410
10411
10414
10285
10418
10420
10422
10424
10426
10428
10431
10433
10423
10432
10438
10297
10300
10319
10443
10445
10345
10449
10347
10353
10454
10455
10457
10368
10378
10462
10394
10399
10467
10469
10402
10473
10413
10476
10477
10448
10482
10452
10464
10470
10487
10479
10491
10490
10494
10496
10499
10501
10506
10505
10509
10510
10513
10498
10502
10517
10520
10524
10522
10523
10530
10525
10533
10540
10538
10541
10535
10546
10552
10556
10548
10562
10537
10565
10547
10555
10557
10572
10573
10560
10578
10527
10536
10549
10584
10553
10587
10590
10568
10571
10504
10597
10601
10518
10534
10550
10561
10577
10609
10612
10614
10616
10581
10588
10591
10622
10621
10593
10599
10600
10628
10636
10633
10640
10631
10632
10641
10630
10634
10648
10652
10651
10654
10605
10610
10659
10663
10661
10665
10677
10669
10671
10674
10675
10681
10688
10690
10692
10672
10676
10666
10687
10698
10635
10637
10644
10706
10708
10709
10660
10664
10668
10715
10717
10721
10724
10720
10729
10731
10723
10725
10726
10737
10738
10740
10735
10739
10748
10754
10759
10762
10752
10749
10750
10767
10768
10775
10771
10777
10781
10755
10787
10791
10760
10770
10797
10772
10801
10804
10773
10779
10782
10792
10806
10810
10816
10817
10741
10783
10788
10823
10789
10794
10800
10684
10830
10832
10686
10700
10703
10837
10704
10719
10745
10753
10846
10756
10758
10785
10803
10854
10852
10858
10853
10860
10865
10864
10812
10814
10827
10840
10872
10874
10878
10875
10885
10876
10881
10883
10890
10841
10893
10894
10898
10901
10905
10900
10909
10911
10902
10897
10916
10919
10913
10918
10925
10842
10928
10856
10859
10933
10877
10936
10882
10904
10907
10943
10941
10949
10953
10954
10951
10942
10961
10962
10965
10970
10966
10948
10975
10952
10982
10984
10989
10981
10983
10995
10986
10988
10991
11001
10994
11002
11007
10960
10964
10978
10980
11014
11016
11000
10921
10923
10930
11022
10944
10945
10958
10967
10974
11029
11030
11034
11033
11035
11042
11046
11049
11038
11055
11041
11058
11051
11052
11031
11040
11047
10979
10999
11067
11008
11037
11054
11072
11076
11079
11073
11085
11074
11077
11090
11092
11094
11095
11081
11101
11100
11107
11108
11104
11103
11114
11082
11086
11093
11106
11122
11111
11124
11129
11127
11137
11134
11135
11141
11145
11142
11128
11136
11140
11156
11157
11162
11155
11158
11167
11151
11172
11174
11176
11179
11181
11185
11189
11192
11178
11191
11199
11180
11187
11206
11197
11209
11211
11212
11160
11216
11222
11217
11224
11229
11230
11233
11236
11234
11238
11186
11188
11196
11198
11245
11248
11250
11253
11251
11258
11203
11263
11265
11268
11266
11218
11220
11221
11247
11257
11279
11281
11259
11285
11288
11291
11271
11272
11295
11297
11277
11283
11083
11303
11310
11305
11306
11309
11316
11317
11307
11322
11314
11113
11328
11329
11331
11332
11327
11335
11337
11121
11130
11131
11346
11349
11348
11149
11356
11358
11354
11367
11355
11357
11361
11370
11377
11369
11360
11362
11363
11384
11366
11371
11380
11389
11153
11392
11394
11154
11398
11400
11165
11168
11170
11184
11190
11408
11223
11227
11416
11419
11412
11414
11417
11246
11262
11286
11427
11429
11287
11432
11434
11301
11438
11304
11320
11326
11333
11342
11352
11374
11396
11449
11399
11452
11454
11456
11459
11460
11463
11464
11469
11468
11474
11467
11413
11478
11415
11437
11482
11483
11441
11453
11470
11471
11490
11493
11492
11498
11499
11502
11505
11500
11494
11510
11512
11511
11517
11519
11513
11515
11523
11530
11527
11532
11525
11539
11529
11531
11543
11546
11549
11551
11554
11556
11552
11560
11561
11564
11553
11569
11573
11574
11575
11576
11578
11581
11585
11588
11592
11591
11567
11568
11599
11571
11582
11586
11593
11606
11496
11507
11611
11613
11615
11616
11619
11610
11528
11536
11626
11537
11541
11548
11632
11634
11572
11639
11640
11641
11643
11644
11597
11602
11655
11657
11662
11663
11668
11658
11675
11674
11682
11678
11671
11686
11689
11673
11677
11693
11680
11620
11625
11628
11699
11701
11635
11705
11706
11709
11714
11710
11711
11713
11704
11712
11727
11728
11716
11734
11736
11720
11732
11740
11742
11744
11743
11638
11749
11751
11752
11754
11647
11649
11651
11761
11764
11765
11770
11769
11771
11760
11777
11780
11776
11784
11779
11763
11789
11791
11793
11795
11652
11660
11799
11801
11661
11804
11665
11807
11666
11810
11812
11813
11816
11672
11820
11822
11823
11819
11828
11827
11831
11833
11681
11688
11707
11838
11715
11719
11842
11729
11768
11846
11782
11849
11851
11785
11854
11856
11859
11857
11862
11863
11866
11868
11871
11874
11873
11877
11879
11881
11870
11882
11886
11887
11890
11893
11892
11896
11898
11901
11904
11905
11906
11914
11915
11917
11918
11908
11903
11924
11925
11900
11910
11911
11933
11912
11929
11932
11938
11939
11942
11944
11946
11947
11950
11954
11957
11952
11960
11963
11966
11967
11953
11956
11974
11959
11965
11972
11973
11980
11982
11984
11991
11987
11985
11997
11998
12004
11999
11983
11986
12000
12001
12006
12013
12017
12018
12014
12016
12019
12026
12027
12030
12024
11989
11992
11996
12036
12039
12038
12042
12044
12045
12048
12050
12053
12052
12056
12058
12061
12063
12065
12067
12071
12074
12076
12069
12073
12059
12066
12083
12086
12091
12088
12093
12096
12099
12084
12087
12105
12089
12094
12110
12113
12112
12117
12119
12116
12123
12126
12121
12130
12132
12135
12129
12134
12082
12097
12142
12098
12109
12147
12124
12151
12155
12159
12154
12156
12164
12167
12163
12158
12173
12176
12174
12180
12183
12166
12170
12177
12188
12190
12192
12194
12197
12198
12202
12181
12204
12208
12138
12211
12144
12150
12153
12172
12196
12199
12205
12220
12221
12229
12222
12224
12225
12226
12227
12237
12240
12242
12236
12239
12249
12251
12246
12247
12254
12258
12259
12248
12263
12257
12266
12270
12272
12269
12274
12268
12273
12283
12276
12287
12289
12291
12277
12296
12280
12285
12300
12303
12295
12301
12305
12306
12292
12312
12314
12315
12313
12320
12321
12324
12326
12328
12329
12330
12334
12336
12338
12339
12341
12345
12343
12350
12347
12346
12354
12355
12360
12361
12362
12371
12374
12376
12357
12358
12363
12375
12389
12377
12392
12388
12365
12399
12396
12400
12404
12368
12370
12408
12372
12416
12417
12420
12421
12423
12415
12432
12434
12418
12435
12442
12445
12447
12379
12451
12380
12397
12398
12412
12450
12455
12364
12463
12369
12466
12384
12469
12470
12474
12472
12409
12410
12482
12479
12481
12488
12489
12483
12487
12496
12493
12495
12499
12414
12503
12505
12510
12508
12515
12521
12527
12531
12529
12532
12533
12539
12512
12546
12516
12517
12519
12522
12524
12541
12506
12509
12540
12557
12560
12562
12565
12568
12564
12576
12566
12582
12571
12575
12580
12593
12570
12598
12573
12604
12607
12584
12587
12595
12601
12603
12542
12559
12569
12579
12618
12581
12590
12623
12624
12600
12606
12629
12621
12632
12424
12635
12428
12429
12430
12436
12438
12440
12444
12644
12454
12647
12649
12650
12651
12462
12480
12514
12518
12523
12525
12526
12534
12537
12665
12667
12589
12670
12671
12591
12675
12677
12592
12680
12597
12660
12684
12685
12689
12690
12691
12688
12696
12698
12697
12702
12704
12706
12707
12709
12711
12710
12716
12718
12720
12722
12723
12726
12724
12733
12735
12737
12744
12739
12725
12732
12736
12746
12756
12752
12731
12734
12763
12765
12769
12766
12738
12775
12740
12779
12782
12785
12786
12789
12796
12783
12794
12795
12801
12778
12781
12807
12808
12787
12788
12791
12815
12793
12811
12819
12822
12826
12827
12828
12834
12823
12838
12841
12842
12843
12840
12845
12852
12850
12856
12858
12859
12832
12864
12833
12851
12869
12870
12872
12875
12877
12855
12871
12745
12747
12885
12748
12889
12891
12758
12894
12896
12898
12902
12903
12905
12900
12912
12901
12917
12908
12921
12916
12918
12907
12927
12914
12922
12932
12931
12933
12760
12938
12767
12773
12774
12802
12945
12947
12944
12952
12946
12948
12956
12958
12960
12962
12964
12965
12966
12972
12975
12976
12977
12979
12984
12985
12980
12968
12818
12991
12825
12994
12996
12998
13002
13006
13009
13008
13005
13014
12837
13017
12860
12866
13022
13023
12879
13027
13028
13030
13029
13034
13040
13042
13043
13039
13035
12886
12909
12969
12971
12997
12999
13000
13007
13021
13062
13032
13044
13049
13056
13070
13072
13073
13058
13077
13078
13059
13063
13067
13086
13089
13091
13087
13093
13097
13079
13081
13088
13102
13103
13106
13108
13104
13109
13107
13121
13111
13105
13126
13128
13130
13132
13112
13135
13138
13117
13120
13124
13136
13143
13146
13147
13150
13151
13152
13155
13158
13160
13162
13164
13166
13168
13170
13177
13180
13169
13172
13185
13188
13191
13194
13173
13200
13203
13208
13204
13174
13214
13175
13178
13221
13224
13219
13223
13192
13232
13233
13236
13239
13237
13197
13198
13245
13205
13249
13207
13213
13220
13255
13257
13262
13264
13259
13260
13256
13278
13261
13281
13284
13285
13225
13229
13250
13265
13266
13274
13279
13286
13303
13288
13310
13294
13297
13298
13315
13176
13318
13187
13190
13193
13202
13324
13326
13329
13206
13217
13336
13338
13342
13340
13343
13349
13347
13353
13356
13354
13346
13360
13361
13366
13333
13334
13335
13363
13375
13379
13370
13371
13378
13385
13397
13390
13403
13388
13408
13399
13405
13384
13392
13395
13417
13401
13421
13404
13414
13416
13226
13241
13247
13429
13263
13433
13432
13436
13438
13439
13267
13269
13270
13448
13450
13457
13451
13452
13456
13463
13459
13470
13471
13460
13475
13486
13477
13482
13484
13476
13480
13481
13498
13494
13504
13505
13502
13509
13512
13462
13468
13478
13479
13491
13492
13503
13526
13507
13510
13515
13516
13532
13534
13272
13540
13539
13542
13545
13546
13289
13296
13551
13553
13554
13559
13557
13562
13564
13565
13304
13569
13306
13307
13309
13327
13576
13575
13579
13341
13351
13583
13365
13587
13374
13590
13592
13595
13599
13603
13605
13607
13611
13609
13615
13596
13598
13620
13600
13625
13627
13616
13630
13624
13376
13634
13636
13638
13641
13642
13644
13647
13651
13643
13657
13661
13658
13664
13655
13656
13666
13652
13660
13665
13674
13675
13678
13386
13387
13389
13391
13685
13393
13394
13400
13692
13420
13437
13441
13444
13698
13453
13702
13704
13706
13455
13461
13483
13490
13499
13514
13524
13717
13720
13722
13724
13726
13527
13538
13556
13586
13734
13593
13737
13739
13601
13608
13612
13623
13637
13747
13746
13748
13646
13680
13686
13758
13755
13761
13764
13768
13765
13769
13771
13773
13777
13778
13767
13785
13790
13786
13796
13798
13788
13791
13793
13794
13807
13801
13803
13780
13687
13699
13708
13710
13718
13727
13820
13819
13825
13824
13821
13830
13832
13730
13756
13837
13840
13842
13844
13848
13846
13847
13853
13859
13852
13860
13857
13868
13861
13855
13856
13870
13757
13763
13766
13772
13881
13883
13789
13886
13806
13808
13892
13829
13895
13899
13898
13834
13839
13905
13906
13904
13854
13864
13915
13866
13875
13880
13920
13921
13923
13926
13928
13935
13934
13930
13942
13941
13943
13937
13938
13888
13951
13890
13896
13909
13912
13957
13961
13914
13927
13965
13929
13931
13949
13958
13960
13972
13974
13979
13978
13973
13983
13994
13986
13988
14000
14002
13990
13999
14001
13985
13989
14013
13992
14019
14003
14018
14024
14026
14028
14029
14032
14030
14042
14045
14034
14037
14051
14052
14038
14039
14060
14059
14040
14041
14066
13987
13991
14071
14072
13996
14008
14015
14020
14048
14081
14083
14084
14087
14054
14056
14092
14065
14069
14097
14101
14076
14091
14100
13975
13984
14006
14016
14112
14043
14044
14117
14119
14120
14122
14116
14124
14132
14133
14135
14136
14131
14138
14127
14128
14147
14153
14155
14148
14150
14160
14163
14166
14171
14162
14167
14177
14172
14184
14159
14170
14173
14191
14182
14130
14134
14149
14169
14198
14200
14199
14205
14179
14095
14209
14211
14099
14214
14218
14220
14104
14107
14146
14225
14151
14229
14232
14165
14180
14239
14237
14238
14240
14245
14247
14253
14255
14252
14257
14259
14269
14270
14272
14277
14236
14280
14249
14283
14287
14290
14254
14294
14296
14260
14268
14284
14289
14305
14258
14267
14310
14271
14285
14181
14317
14318
14320
14316
14328
14321
14330
14186
14335
14338
14339
14336
14190
14201
14346
14345
14347
14353
14356
14357
14350
14361
14365
14366
14367
14370
14373
14374
14354
14362
14363
14364
14215
14383
14385
14216
14227
14231
14244
14246
14263
14266
14274
14293
14298
14300
14301
14308
14401
14314
14405
14407
14408
14404
14413
14319
14416
14418
14323
14325
14334
14349
14426
14398
14411
14430
14432
14419
14424
14439
14438
14434
14443
14435
14446
14448
14452
14450
14449
14458
14456
14459
14460
14466
14467
14462
14472
14471
14474
14457
14482
14480
14481
14489
14490
14485
14492
14484
14497
14499
14501
14508
14509
14502
14504
14506
14507
14503
14475
14476
14488
14522
14512
14526
14529
14531
14534
14540
14532
14544
14533
14547
14535
14550
14554
14556
14558
14537
14551
14565
14566
14569
14572
14573
14579
14564
14567
14581
14562
14590
14593
14595
14591
14598
14585
14568
14604
14605
14608
14614
14607
14611
14618
14624
14625
14619
14621
14632
14623
14630
14576
14580
14586
14597
14600
14642
14644
14652
14651
14656
14661
14609
14612
14668
14613
14626
14636
14646
14679
14676
14675
14650
14653
14685
14517
14525
14689
14691
14528
14695
14697
14700
14703
14705
14708
14710
14712
14713
14711
14717
14702
14530
14538
14553
14563
14575
14728
14727
14587
14643
14733
14647
14649
14739
14744
14746
14743
14745
14756
14751
14760
14762
14763
14765
14737
14769
14738
14775
14776
14781
14774
14740
14747
14788
14790
14752
14754
14796
14755
14759
14801
14778
14791
14805
14654
14810
14657
14660
14814
14818
14820
14821
14823
14819
14831
14832
14834
14830
14833
14828
14835
14846
14848
14850
14839
14858
14855
14857
14851
14856
14817
14866
14868
14853
14869
14663
14666
14667
14671
14677
14678
14690
14880
14698
14707
14718
14741
14888
14771
14891
14892
14894
14895
14773
14901
14902
14907
14903
14900
14915
14916
14914
14917
14908
14909
14912
14923
14928
14777
14786
14787
14793
14935
14936
14798
14806
14808
14816
14826
14946
14947
14949
14950
14837
14955
14841
14860
14886
14887
14906
14924
14964
14965
14969
14971
14972
14967
14978
14970
14974
14981
14986
14984
14926
14990
14942
14994
14993
14997
14943
15000
15001
14959
14966
15007
15012
15015
15017
15022
15027
15024
15026
15029
15018
15025
15033
15008
15043
15009
15034
15037
15004
15011
15050
15014
15054
15055
15019
15020
15060
15062
15064
15065
15071
15070
15074
15061
15079
15066
15076
15086
15087
15083
15095
15084
15099
15088
15102
15090
15092
15106
15108
15023
15031
15112
15115
15117
15122
15125
15118
15119
15130
15120
15134
15133
15140
15136
15135
15149
15153
15156
15154
15148
15126
15142
15143
15144
15152
15159
15039
15170
15172
15175
15176
15180
15177
15182
15186
15184
15052
15078
15193
15196
15082
15201
15093
15204
15206
15096
15114
15121
15211
15139
15145
15216
15218
15150
15162
15222
15225
15227
15228
15232
15223
15230
15233
15239
15168
15173
15243
15246
15191
15192
15251
15250
15194
15199
15257
15256
15260
15200
15215
15264
15266
15236
15244
15270
15272
15274
15276
15278
15284
15279
15280
15281
15289
15292
15291
15293
15297
15299
15306
15295
15283
15290
15312
15298
15301
15317
15319
15320
15322
15326
15330
15321
15324
15337
15338
15333
15302
15308
15346
15347
15348
15349
15352
15360
15361
15364
15356
15368
15369
15313
15374
15325
15328
15381
15379
15339
15355
15363
15384
15389
15327
15393
15395
15394
15404
15402
15397
15400
15412
15408
15410
15413
15416
15345
15421
15425
15422
15429
15424
15432
15428
15435
15350
15354
15373
15444
15377
15447
15380
15451
15450
15453
15456
15457
15463
15461
15383
15468
15396
15403
15411
15437
15439
15475
15440
15478
15479
15481
15443
15487
15458
15460
15467
15482
15493
15495
15483
15498
15503
15501
15499
15502
15508
15510
15511
15515
15509
15520
15522
15513
15517
15526
15527
15530
15533
15535
15532
15538
15540
15542
15543
15546
15547
15550
15554
15557
15552
15553
15564
15566
15561
15563
15555
15571
15573
15577
15579
15581
15583
15586
15587
15574
15593
15594
15599
15595
15603
15607
15606
15562
15575
15585
15613
15589
15616
15617
15619
15590
15625
15629
15633
15624
15645
15630
15649
15632
15637
15655
15656
15657
15635
15665
15667
15636
15640
15643
15647
15650
15623
15683
15684
15682
15691
15687
15693
15697
15698
15701
15696
15699
15703
15710
15714
15711
15712
15626
15721
15722
15720
15725
15638
15731
15642
15644
15660
15664
15740
15668
15674
15750
15751
15685
15707
15757
15759
15708
15737
15758
15598
15767
15773
15770
15775
15779
15772
15769
15600
15784
15605
15628
15639
15653
15662
15671
15677
15678
15679
15681
15690
15713
15726
15729
15801
15803
15804
15733
15739
15811
15810
15809
15813
15812
15814
15741
15742
15824
15823
15743
15746
15747
15834
15748
15844
15839
15840
15845
15841
15843
15853
15858
15837
15866
15863
15854
15856
15871
15873
15862
15864
15753
15763
15771
15776
15881
15882
15791
15826
15889
15888
15893
15895
15898
15902
15900
15907
15896
15903
15827
15830
15831
15838
15916
15917
15842
15921
15923
15925
15931
15928
15930
15927
15934
15924
15942
15944
15950
15953
15941
15943
15945
15946
15948
15962
15963
15947
15951
15969
15970
15973
15974
15977
15980
15955
15979
15849
15855
15987
15990
15991
15995
15992
15996
16000
15859
15865
15884
16006
15890
16009
16012
16011
15897
15906
15909
16018
15935
16021
16024
16026
16022
16029
15939
15966
16034
16035
16038
16040
16043
16045
16044
16049
16051
16058
16060
16054
16066
16061
16069
16042
16063
16064
16079
16082
16083
16067
16084
16090
16041
16055
16097
16070
16100
16102
16103
16108
16110
16113
16073
16116
16117
16120
16080
16096
16105
16122
15975
15989
16130
16132
16133
16005
16023
16138
16140
16141
16143
16144
16149
16039
16048
16074
16154
16159
16157
16162
16164
16155
16165
16169
16077
16086
16176
16178
16181
16180
16187
16188
16196
16198
16190
16194
16202
16182
16183
16208
16210
16211
16192
16193
16216
16203
16219
16220
16223
16231
16233
16222
16240
16241
16246
16251
16256
16253
16225
16229
16239
16267
16269
16271
16273
16243
16244
16248
16281
16254
16257
16204
16221
16224
16238
16260
16262
16295
16266
16274
16300
16302
16278
16279
16282
16312
16283
16315
16317
16319
16321
16323
16325
16329
16332
16288
16336
16339
16297
16307
16311
16326
16331
16087
16093
16107
16349
16111
16121
16354
16356
16145
16359
16361
16362
16365
16156
16368
16171
16172
16373
16175
16185
16191
16378
16381
16383
16388
16384
16386
16392
16228
16232
16397
16398
16400
16404
16396
16234
16408
16410
16242
16414
16245
16252
16265
16419
16422
16421
16425
16285
16428
16430
16431
16436
16444
16445
16439
16443
16447
16448
16434
16456
16429
16433
16461
16441
16306
16308
16310
16467
16322
16471
16473
16478
16481
16477
16482
16486
16480
16489
16334
16338
16350
16370
16379
16385
16399
16412
16499
16438
16440
16503
16505
16453
16510
16512
16514
16516
16518
16457
16468
16472
16523
16526
16529
16527
16528
16535
16538
16524
16544
16541
16532
16543
16547
16552
16554
16556
16550
16561
16560
16559
16562
16564
16474
16570
16507
16509
16530
16577
16575
16576
16542
16582
16584
16586
16588
16589
16592
16594
16596
16600
16602
16598
16599
16601
16606
16615
16617
16620
16605
16610
16624
16627
16625
16630
16631
16634
16635
16637
16641
16644
16608
16612
16614
16649
16650
16655
16658
16662
16651
16656
16661
16672
16670
16676
16681
16664
16666
16667
16618
16687
16638
16643
16692
16652
16660
16698
16697
16663
16673
16674
16704
16678
16708
16707
16711
16680
16717
16714
16715
16689
16723
16725
16727
16730
16695
16716
16720
16729
16737
16736
16740
16748
16742
16743
16754
16739
16744
16738
16747
16761
16763
16760
16749
16752
16765
16770
16772
16774
16776
16779
16778
16782
16785
16789
16792
16795
16799
16794
16796
16784
16788
16810
16811
16814
16816
16804
16805
16809
16786
16823
16827
16829
16824
16833
16791
16838
16837
16797
16800
16801
16820
16845
16847
16848
16826
16830
16854
16857
16858
16861
16835
16852
16865
16855
16868
16869
16870
16878
16877
16874
16875
16885
16887
16894
16886
16890
16900
16892
16905
16893
16897
16903
16904
16911
16915
16912
16914
16921
16924
16876
16880
16884
16891
16935
16931
16938
16933
16934
16944
16942
16947
16949
16952
16951
16898
16957
16960
16959
16956
16916
16919
16922
16929
16968
16932
16943
16972
16975
16974
16978
16981
16983
16986
16991
16989
16992
16979
16984
16999
17000
16998
17004
16987
17007
17010
17009
16988
17011
17016
17018
17023
17020
17021
17028
17027
17031
17022
17035
17034
17038
17040
17041
17043
17046
17048
17051
17050
17053
17058
17054
17056
17063
17066
17069
17070
17068
17071
17078
17080
17075
17081
17084
17062
17065
17077
17091
17083
17094
17096
17099
17098
17102
17106
17103
17111
17112
17108
17119
17115
17105
17109
17126
17125
17113
17130
17131
17134
17136
17137
17140
17146
17142
17153
17143
17147
17160
17149
17159
17164
17166
17167
17168
17170
17165
17181
17182
17183
17190
17193
17158
17171
17173
17177
17204
17206
17187
17189
17200
17210
17214
17152
17118
17121
17141
17220
17222
17224
17225
17226
17231
17227
17145
17150
17155
17176
17179
17241
17240
17245
17247
17244
17246
17250
17258
17254
17263
17261
17267
17256
17255
17257
17184
17186
17276
17278
17280
17283
17286
17288
17290
17291
17295
17293
17301
17304
17303
17298
17310
17300
17309
17313
17316
17188
17319
17320
17323
17322
17191
17329
17195
17198
17334
17336
17337
17333
17339
17343
17208
17233
17348
17350
17347
17352
17353
17358
17359
17360
17366
17357
17364
17371
17369
17363
17375
17262
17264
17268
17269
17384
17386
17383
17388
17279
17395
17394
17396
17400
17404
17406
17401
17409
17410
17285
17415
17418
17417
17296
17305
17321
17431
17432
17425
17436
17426
17427
17442
17429
17430
17441
17445
17448
17372
17455
17454
17382
17390
17393
17403
17462
17464
17411
17424
17468
17471
17473
17475
17476
17478
17480
17428
17484
17487
17485
17440
17451
17452
17493
17497
17496
17494
17504
17503
17501
17510
17518
17519
17525
17528
17517
17531
17509
17511
17521
17522
17539
17526
17543
17544
17548
17546
17556
17557
17553
17564
17567
17560
17536
17549
17551
17580
17577
17579
17589
17592
17566
17573
17574
17575
17583
17586
17588
17609
17613
17591
17512
17620
17513
17624
17623
17626
17627
17633
17634
17638
17641
17643
17644
17639
17640
17645
17647
17660
17649
17636
17664
17668
17671
17672
17676
17683
17670
17686
17674
17677
17691
17695
17698
17704
17705
17681
17689
17693
17694
17706
17714
17516
17524
17545
17559
17563
17590
17595
17724
17601
17730
17729
17603
17735
17736
17739
17741
17744
17606
17608
17612
17625
17632
17646
17652
17755
17655
17657
17760
17761
17762
17768
17770
17665
17778
17666
17673
17783
17696
17786
17697
17699
17790
17793
17700
17701
17728
17740
17745
17801
17800
17806
17807
17811
17817
17803
17820
17822
17804
17812
17814
17747
17830
17765
17767
17835
17837
17838
17844
17841
17851
17855
17859
17857
17848
17849
17866
17861
17870
17871
17875
17874
17774
17880
17882
17889
17883
17888
17891
17893
17901
17903
17905
17906
17907
17912
17916
17917
17919
17913
17884
17910
17915
17920
17940
17923
17929
17944
17935
17775
17949
17780
17956
17960
17791
17815
17966
17967
17825
17971
17833
17975
17976
17840
17980
17981
17984
17987
17842
17853
17862
17877
17881
17886
17996
18002
18005
18007
18010
18015
17999
18001
18003
18008
18012
18027
18030
18014
17904
18035
18036
17911
17927
17930
17937
17947
17950
17952
17953
17954
18050
18051
18055
18057
18063
18058
18053
18056
18061
18075
18065
18078
18080
18070
18072
17962
18088
18091
17963
17973
17985
17992
17998
18099
18013
18021
18104
18107
18110
18025
18115
18117
18033
18045
18123
18125
18129
18131
18135
18124
18134
18137
18145
18126
18140
18066
18068
18153
18156
18160
18154
18155
18167
18168
18165
18166
18074
18089
18176
18178
18095
18106
18112
18118
18185
18130
18190
18193
18189
18141
18150
18163
18173
18199
17470
17500
18206
18209
18205
18215
18212
18214
17508
18220
17515
17533
17542
17555
17572
18228
17578
17581
18233
18235
18237
18241
18245
18244
18232
18249
18238
18252
18253
18256
18242
18258
18264
18261
17585
17599
18270
17607
18275
18276
18278
18282
18284
18285
18281
18287
17611
17615
17617
17619
17648
17679
17682
18302
18301
18304
18308
18303
18310
18311
18315
18316
18321
18318
18329
18323
18325
18319
18327
17719
17725
18339
17734
18343
18349
18348
18352
18353
18357
18358
18366
18361
18345
18346
18371
18355
18362
18377
18382
18383
18384
18390
18376
18399
18378
18380
18387
18389
18392
18363
18407
18409
18408
18416
18365
18373
18421
18422
18427
18431
18428
18436
18430
18435
18394
18395
18445
18396
18413
18452
18414
18420
18458
18425
18462
18461
18465
18440
18446
17757
17766
18473
18474
18477
18479
18480
17769
18485
17772
17808
18490
17810
17823
17843
18495
18497
18500
18499
18505
18510
18511
18513
18516
18521
18524
18518
18522
18520
18531
18529
18509
18532
17847
17854
17856
18541
18546
18544
18545
18552
18553
18557
18559
18561
18560
18566
18549
18551
18563
18567
18576
18578
18571
18572
18583
18586
18587
18589
18593
18594
18597
17869
17890
18602
18604
18607
18609
18612
18614
18613
18620
18622
18611
18618
18626
18619
17896
17899
17900
18632
18634
18636
18640
18633
18644
18638
18647
18641
18649
18653
17909
17932
18658
18659
18662
17936
18665
17939
18668
17958
17959
18672
18673
18675
18676
17997
18682
18016
18685
18687
18018
18023
18029
18044
18060
18694
18083
18697
18699
18085
18087
18703
18103
18708
18707
18712
18715
18714
18719
18722
18724
18723
18730
18725
18735
18738
18734
18745
18737
18739
18748
18757
18759
18763
18764
18762
18768
18716
18773
18720
18743
18751
18761
18778
18109
18113
18784
18783
18786
18120
18790
18792
18132
18139
18796
18801
18798
18803
18804
18809
18811
18812
18815
18813
18820
18823
18821
18151
18158
18184
18187
18191
18201
18207
18208
18226
18836
18840
18837
18839
18841
18846
18239
18850
18851
18854
18849
18858
18255
18263
18862
18866
18865
18869
18863
18874
18876
18881
18884
18882
18875
18888
18893
18868
18870
18891
18899
18268
18902
18904
18907
18908
18271
18912
18914
18916
18921
18917
18918
18925
18920
18928
18930
18931
18273
18937
18935
18936
18940
18945
18291
18295
18299
18324
18326
18953
18956
18954
18333
18338
18963
18966
18969
18965
18975
18971
18978
18341
18347
18984
18985
18990
18994
18986
18999
18998
18996
19006
19009
19008
19010
19013
19014
19002
19020
19019
19034
19035
19032
19033
19043
19021
19047
19022
19023
19027
19029
19030
19046
19051
19059
19003
19063
19067
19064
19066
19072
19036
19061
19076
19078
19079
19082
19087
19092
19086
19089
19091
19099
19100
19090
19081
19098
19112
19115
19116
19114
19102
19107
18360
19124
19125
19123
19126
18379
18385
18391
19134
19138
19141
19144
19136
19142
19143
19153
19154
19135
19137
19149
19150
19161
18411
19164
19165
19170
19166
19167
18426
18433
19179
18437
18441
18448
19185
19186
19191
19193
19192
18449
18453
18456
19201
19203
18469
18472
19207
19210
18483
19213
18488
18501
19219
19220
19223
19224
19230
19227
19234
19229
19228
19218
19233
18502
19241
19243
19245
18504
18508
18517
19250
19251
19252
18525
18538
18543
18554
19260
18568
18579
19264
18581
19267
19272
19269
18588
18596
18603
18648
19281
19282
19284
19290
19292
19280
19285
19304
19306
19307
19309
19316
19293
19305
19310
19314
19328
19315
19324
19330
19289
19303
19318
19334
19335
19340
19343
19349
19347
19350
19352
19358
19357
19287
19325
19339
19364
19353
19369
19370
19368
19372
19367
19381
19382
19380
18655
19387
19388
19392
19393
19391
19397
19400
19394
19401
18679
18705
18710
19408
19411
19410
19412
19415
19416
19420
18721
19424
19427
19430
19423
19435
19433
19439
19440
19434
19444
19438
18731
18740
18742
18749
18750
19454
19455
19456
19458
19453
19466
19469
19463
19467
19470
19471
19475
19465
19474
18752
19483
19486
19485
19489
19490
19491
19496
19499
19498
19504
19503
19508
19493
19513
19512
19516
19518
19506
19511
19524
19526
19531
19530
19532
19517
19521
19529
18753
19540
18755
18770
19545
19548
19550
19556
19559
19553
19557
19558
19554
19546
19555
19562
18771
19572
19571
18797
19576
18799
18802
19582
19584
19581
19583
18814
18835
19591
19596
19594
19593
19600
19601
19595
19606
19608
19610
19605
18857
18878
18880
19617
19621
19618
19628
19631
19629
19619
19636
19638
19622
19626
19637
19641
19647
19644
19650
19651
19654
19653
19660
19661
19662
19664
19666
19670
19656
19667
19625
19633
19659
19675
19686
19689
19677
19692
19693
19694
19695
19698
19679
19704
19680
19687
19703
19709
18889
19712
19717
19716
19714
19718
18892
19726
18897
18906
18941
19733
19738
19732
19742
19745
19734
19748
19735
19752
19753
19757
19737
19760
19761
19763
19768
19769
19740
19744
18942
18949
18959
18962
18967
18973
18974
18980
18983
18989
18991
18993
19789
19793
19791
19000
19024
19800
19806
19799
19801
19807
19808
19815
19817
19025
19031
19037
19041
19824
19053
19055
19069
19077
19096
19833
19836
19835
19097
19106
19109
19111
19147
19168
19845
19169
19176
19851
19849
19855
19852
19853
19860
19863
19865
19180
19868
19189
19871
19190
19197
19208
19217
19877
19268
19881
19271
19273
19885
19888
19283
19288
19892
19895
19894
19898
19901
19905
19295
19298
19301
19910
19912
19913
19914
19920
19922
19916
19302
19308
19312
19322
19931
19332
19937
19935
19942
19938
19941
19936
19341
19375
19951
19955
19378
19379
19959
19962
19965
19960
19968
19425
19971
19428
19452
19976
19978
19459
19500
19528
19983
19985
19989
19988
19990
19995
19994
20000
20002
20001
19996
19998
20009
20011
20014
19542
20017
20019
20021
19552
19580
19609
19623
19669
19682
20029
19685
20032
19713
19715
20036
20038
19720
20043
20046
20048
20045
20052
20051
20055
20057
20059
20061
20064
20066
20060
19730
19751
20073
20072
19755
20077
20079
20082
20080
19762
19765
20087
19766
19772
19779
20093
19792
20096
20099
20098
20103
20105
20106
19796
20111
20116
20110
20119
19802
19803
19804
20125
20127
20128
20130
20133
20134
20139
19809
19822
19827
19829
20146
19850
20151
20149
19861
19879
19887
20157
20160
20165
20162
20158
20167
20173
20179
20176
20168
20178
20161
20172
20183
20185
20188
20200
20189
20201
20207
20208
20211
19896
20217
20219
20223
20221
20227
20229
20231
20222
20234
20226
20238
20235
19902
20243
20244
19903
19919
20251
20255
20254
20256
20257
19926
20264
20269
20271
20274
20276
20268
20281
20267
20278
20289
20291
20298
20297
20263
20302
20265
20306
20308
20273
20280
20312
20313
20318
20316
20284
20324
20286
20327
20290
20293
20333
20337
20334
20344
20339
20340
20341
20346
20354
20351
20361
20352
20365
20369
20372
20366
20371
20378
20380
20381
20382
20383
20386
20387
20353
20356
20357
20367
20388
20392
20394
20398
20401
20402
20411
20413
20295
20319
20328
20355
20363
20422
20395
20406
20416
20425
20429
19927
19933
20433
20434
20437
20439
20440
20443
20444
20445
19944
20450
20452
19949
20456
19952
20459
19953
20462
19964
19972
19984
20005
20468
20470
20013
20037
20477
20476
20480
20483
20475
20478
20042
20071
20490
20491
20091
20496
20495
20498
20501
20503
20508
20511
20505
20512
20510
20513
20100
20520
20112
20113
20114
20118
20527
20526
20136
20531
20532
20138
20539
20541
20542
20544
20543
20549
20145
20150
20163
20555
20557
20558
20559
20560
20562
20554
20174
20569
20575
20571
20572
20574
20580
20581
20573
20587
20588
20593
20594
20597
20177
20600
20602
20180
20605
20608
20182
20186
20613
20187
20616
20618
20193
20622
20624
20627
20628
20631
20194
20635
20634
20637
20639
20643
20646
20641
20649
20645
20195
20202
20655
20654
20656
20659
20663
20665
20672
20667
20668
20670
20675
20204
20212
20214
20684
20686
20683
20216
20239
20246
20247
20252
20695
20696
20270
20700
20288
20704
20708
20709
20713
20715
20296
20719
20726
20723
20732
20721
20731
20738
20741
20722
20744
20745
20724
20725
20751
20740
20755
20304
20759
20758
20763
20767
20770
20772
20773
20778
20769
20781
20784
20774
20783
20788
20790
20791
20761
20764
20797
20765
20775
20794
20805
20801
20803
20810
20813
20817
20821
20827
20830
20814
20818
20826
20829
20834
20837
20841
20822
20851
20854
20856
20858
20866
20861
20823
20832
20873
20842
20845
20846
20847
20853
20863
20865
20870
20892
20894
20896
20897
20905
20899
20903
20878
20890
20912
20915
20891
20918
20920
20923
20904
20919
20928
20930
20933
20939
20934
20936
20938
20811
20946
20815
20848
20951
20955
20956
20959
20954
20963
20859
20871
20969
20881
20883
20977
20975
20976
20979
20889
20909
20924
20929
20940
20990
20991
20997
20996
20962
21002
21003
21001
21009
21008
20965
21013
21015
21018
20968
20970
21024
21026
21028
21035
21038
21039
21043
21025
21027
21048
21034
21037
21054
21042
21045
20986
21061
21060
21064
21068
21070
21065
21067
20988
21004
21016
21020
21032
21033
21049
21076
21077
21081
20317
20321
20332
20335
21095
21094
21098
21100
20343
20358
21105
21104
20373
21109
21111
21114
20374
21117
21120
21119
21122
20405
21128
21133
21127
21130
21129
21132
21134
21136
21146
21149
21147
21145
21148
21162
21159
21163
21169
21161
21152
21153
21174
21158
21160
20421
20455
20474
20487
20506
21185
21183
21184
21187
21188
20507
21195
21200
21205
21201
21209
21199
21212
21214
21216
21203
21204
21208
20534
21224
21231
21234
21244
21245
21247
21225
21236
21241
21248
21252
21254
21226
21227
21228
21229
21233
21235
21237
21240
21230
21243
21253
20535
20537
20577
20585
20591
20592
20606
20609
20620
20625
20660
20664
20666
20676
20689
20702
20705
20707
20710
20718
20727
20728
20730
20736
20749
20752
20798
20809
20819
20825
20828
20844
20860
20862
20877
20879
20886
20898
20900
20914
20931
20947
20953
20972
20994
20995
21022
21050
21055
21075
21083
21090
21113
21123
21138
21139
21156
21164
21166
21193
21197
21198
21218
21220
21232
