1500
7 93.70
9 143.20
1 195.40
3 126.30
9 426.40
4 1464.40
10 531.20
2 54.10
1 80.40
10 98.50
10 23.30
6 25.80
10 1300.10
10 10.70
2 60.50
6 190.50
8 180.00
4 247.10
2 579.40
7 40.10
7 909.70
7 126.30
8 31.80
4 173.30
3 109.90
2 176.20
2 8.80
4 50.30
6 192.90
8 501.70
6 16.40
9 89.70
5 610.90
4 112.50
2 35.60
5 165.70
10 658.90
3 130.40
1 300.50
4 194.10
9 169.40
10 168.40
5 447.10
8 158.10
8 144.80
2 171.90
2 198.20
4 78.30
1 67.20
2 183.30
3 4.50
8 567.90
8 62.20
9 52.50
1 1538.80
5 114.30
8 62.70
7 248.30
6 150.70
9 84.30
6 148.70
10 46.00
1 57.20
1 53.10
10 161.90
5 1425.50
9 147.20
2 92.00
3 61.70
1 33.50
4 169.80
5 2785.50
4 364.50
10 68.90
2 74.30
3 160.40
1 2.70
1 85.60
5 120.70
5 57.40
7 35.50
9 183.90
7 73.40
1 139.40
4 243.10
1 195.50
10 91.10
5 19.90
7 22.30
2 169.20
3 445.70
1 99.60
1 104.60
2 136.20
1 154.70
10 555.50
3 1035.40
3 45.20
5 386.70
9 37.70
8 126.80
7 48.10
3 117.10
1 511.40
8 130.10
8 76.00
5 14.80
8 91.80
10 129.10
1 27.70
4 113.50
10 181.30
7 7.40
8 182.30
3 24.30
6 16.40
5 464.80
3 104.20
10 176.50
8 103.10
4 140.30
5 220.00
4 72.50
9 37.10
7 11.60
10 22.30
10 74.30
5 48.20
2 178.30
2 443.40
10 221.60
7 123.70
8 1596.00
6 154.30
2 6.90
9 1199.10
2 74.70
9 2930.80
8 156.80
8 265.60
5 135.60
2 37.40
10 5.60
7 401.60
2 282.80
10 559.10
2 1508.60
9 127.80
2 78.30
3 43.20
6 53.60
9 266.50
2 24.00
4 218.80
7 65.40
8 173.30
10 120.00
3 184.20
7 336.20
7 250.50
8 219.60
10 79.50
8 114.10
10 109.50
3 60.10
2 147.10
1 2156.90
1 152.70
10 153.30
4 230.90
8 136.30
10 124.90
5 50.90
9 125.20
1 508.10
6 93.50
9 366.90
8 370.00
8 197.20
4 183.80
5 489.00
5 2533.40
10 65.10
8 82.50
6 28.60
7 25.30
4 514.90
5 98.10
7 2741.10
7 73.60
2 179.40
7 571.60
9 40.50
2 6.80
6 27.50
3 151.40
7 179.90
8 2572.20
5 1878.60
3 61.40
7 53.10
5 1338.80
10 58.20
7 35.50
7 185.10
10 503.20
9 41.50
4 76.30
6 51.60
3 1673.90
5 328.50
10 180.70
1 68.20
4 52.70
8 141.40
3 78.10
6 158.40
6 443.10
5 78.80
2 165.00
5 40.50
10 110.70
6 295.60
2 62.60
2 185.60
5 247.80
6 196.60
4 1386.20
3 176.70
7 187.90
6 458.90
5 131.00
6 1202.70
7 496.10
7 264.20
7 1391.90
7 55.20
8 131.40
8 1776.50
5 193.30
10 236.10
4 17.90
8 559.70
2 125.10
3 170.80
9 100.40
8 182.90
8 145.40
1 164.80
9 141.50
8 36.00
10 100.70
1 2447.50
1 46.60
6 88.00
5 130.30
8 252.60
1 162.50
2 909.40
3 159.60
9 15.00
4 199.40
2 43.20
9 86.50
8 1829.20
6 33.30
5 86.70
4 29.90
8 183.80
8 176.80
8 178.30
9 2041.10
5 4.50
10 70.80
2 54.40
4 85.20
7 87.40
7 117.80
3 1156.90
10 151.20
7 22.60
2 1649.00
10 83.30
5 25.10
8 174.30
10 198.50
7 53.70
6 502.10
7 151.30
1 112.10
3 111.30
3 408.80
6 531.50
8 189.90
1 23.40
2 137.40
7 122.20
10 148.30
3 1.20
4 175.10
2 114.90
4 194.50
3 138.90
2 1765.60
7 310.80
6 125.90
3 3.70
5 17.60
10 20.90
9 191.00
8 51.10
2 173.50
10 135.00
5 1683.00
2 179.70
6 190.80
6 12.40
4 125.70
4 120.90
3 1873.90
2 63.70
1 243.10
5 35.20
4 134.30
10 1811.90
7 169.20
7 92.40
2 129.10
4 2691.80
7 160.10
4 14.20
4 247.70
2 150.50
9 169.00
10 637.00
2 147.30
7 75.70
9 1365.40
2 22.20
7 513.20
7 150.50
5 198.20
5 230.20
10 13.00
2 525.00
2 2613.80
7 51.00
6 11.80
10 126.00
10 190.20
7 49.20
3 107.90
2 303.50
4 189.00
4 81.50
8 136.50
10 164.90
7 74.80
10 3.90
4 173.50
9 422.00
10 169.20
4 192.60
1 252.50
7 182.70
10 117.90
10 100.70
4 2082.90
6 2260.10
7 59.20
4 11.80
9 159.40
10 233.40
7 388.60
6 137.30
3 83.00
7 106.70
2 95.90
6 110.40
2 2338.50
3 64.40
4 348.10
9 2701.30
3 36.60
10 48.60
2 58.10
8 104.20
3 32.00
9 188.50
9 78.20
7 130.90
3 443.60
6 134.00
10 160.10
4 12.50
2 81.10
6 80.00
3 96.00
9 118.20
5 86.80
6 128.20
1 10.00
4 157.60
4 75.50
7 579.80
8 64.70
6 4.80
9 47.40
7 86.80
6 108.30
8 71.10
5 198.00
5 77.80
2 2660.60
8 181.20
3 53.90
2 294.10
4 188.20
2 163.80
8 115.90
4 60.10
10 126.70
3 193.80
9 721.00
5 38.10
7 2920.50
2 199.50
4 72.90
8 50.80
5 52.50
7 199.60
8 62.20
4 380.50
9 95.30
7 396.10
10 102.80
1 958.50
5 175.90
10 389.90
9 391.50
2 506.50
2 33.60
4 227.60
1 1064.50
1 68.00
4 145.70
10 139.70
9 114.80
3 66.70
10 173.00
9 2159.30
1 175.10
4 48.70
7 1779.70
3 403.80
5 22.70
1 23.10
2 105.00
3 1908.80
5 131.60
2 177.00
1 164.50
4 56.50
5 4.10
4 3.50
2 116.70
9 359.70
9 71.50
9 125.60
6 121.60
2 73.90
3 1715.50
1 558.60
3 128.30
8 10.40
1 1679.70
9 98.60
6 180.80
2 395.40
2 1039.20
9 14.60
7 35.50
9 129.10
9 2356.20
7 70.60
1 112.20
6 44.70
6 229.80
6 85.90
10 185.90
9 1266.70
4 89.10
7 4.20
5 1894.50
1 111.40
3 585.40
6 420.90
9 179.40
10 325.80
10 394.80
7 137.70
6 448.90
8 2.30
3 144.40
9 2526.10
8 60.10
10 127.40
7 28.80
5 457.40
1 84.90
7 48.00
9 183.50
2 81.40
6 127.70
1 1545.40
9 370.00
9 63.30
9 50.00
5 245.00
4 192.80
4 82.10
8 1431.20
5 185.00
6 90.70
6 185.10
10 13.70
6 13.40
6 59.70
2 76.10
9 243.30
1 2799.60
6 168.60
8 32.20
6 138.40
1 115.30
7 549.80
7 80.50
5 70.10
2 98.40
4 89.70
4 99.20
7 82.30
5 160.10
5 72.00
3 142.80
2 371.00
6 198.20
9 194.70
4 110.10
2 492.70
7 88.10
1 579.30
8 26.30
9 2433.90
7 96.00
10 5.70
9 28.90
9 119.70
2 93.70
2 117.10
10 76.60
4 102.20
5 195.40
10 1308.10
10 111.70
3 276.20
8 474.90
5 198.00
10 599.10
8 2493.60
3 50.00
9 4.30
5 37.00
5 166.30
2 179.90
4 401.40
2 14.20
10 159.80
5 145.20
10 126.70
1 456.60
5 46.60
6 131.80
5 180.20
1 13.20
2 253.60
2 105.60
1 77.90
10 122.80
5 140.50
5 107.40
8 26.40
9 105.10
1 445.10
1 93.60
1 140.20
9 1329.60
8 68.80
4 64.60
5 145.10
1 2126.80
5 90.00
7 346.30
8 177.50
10 130.70
6 94.60
5 63.90
2 2390.30
10 115.80
7 317.00
8 131.20
7 517.30
2 97.60
3 171.20
7 493.50
1 164.30
8 70.00
1 32.70
4 53.10
1 5.30
5 7.50
7 146.00
4 533.90
4 71.80
3 132.10
10 23.30
7 280.90
10 192.00
2 341.90
5 82.90
2 99.90
3 1294.60
1 505.20
10 2155.10
3 916.80
8 471.60
4 53.80
8 121.70
2 184.40
4 112.70
5 109.60
2 169.80
5 12.70
2 25.90
2 2166.80
10 154.90
4 41.30
9 135.30
5 19.10
9 21.40
10 84.10
9 239.90
7 135.70
1 77.50
7 60.70
3 41.60
4 406.50
3 59.40
9 49.90
3 63.90
6 1799.90
8 146.10
5 171.70
1 462.10
4 133.00
5 87.30
1 34.00
3 252.00
10 11.70
9 1430.70
8 187.20
2 58.00
7 122.60
10 93.70
7 59.60
8 48.60
2 169.70
10 85.90
4 2814.60
6 44.50
9 29.20
2 172.40
1 23.60
7 1545.80
5 69.50
8 2153.20
6 547.70
8 108.30
3 1948.50
1 62.40
6 127.00
8 108.50
8 1858.90
7 120.70
2 57.50
10 107.10
2 49.60
10 1238.30
3 170.40
10 92.80
6 115.30
2 117.10
9 134.20
3 61.20
5 1379.10
3 105.30
7 192.10
2 79.70
3 83.30
4 544.90
1 29.10
6 85.00
10 166.50
2 1423.90
8 86.20
2 174.50
6 181.10
5 154.60
2 161.40
10 178.30
4 179.10
6 168.30
1 173.50
7 28.50
2 7.60
3 255.10
7 471.60
5 183.20
4 127.80
4 75.80
9 5.20
10 92.20
7 63.40
8 74.00
9 120.70
2 1728.60
1 150.90
6 81.90
5 148.60
6 107.30
9 96.60
8 56.90
9 133.60
10 101.50
7 1803.40
4 315.30
8 144.80
3 190.30
2 49.80
1 91.00
4 45.80
9 12.80
9 523.80
9 144.00
10 100.50
4 575.00
7 1727.50
7 125.70
2 1242.20
2 31.00
6 54.80
6 84.80
1 291.60
1 110.60
9 113.30
9 230.40
4 500.30
5 170.10
1 195.60
1 29.00
10 171.70
7 356.20
6 143.00
10 1450.50
1 2391.30
7 51.20
8 89.60
6 82.70
6 340.20
9 2847.20
5 126.10
10 189.10
1 266.10
7 386.40
7 356.20
4 50.10
3 193.30
9 4.00
8 164.10
3 5.00
10 163.90
1 193.20
2 2754.70
3 56.40
5 162.30
3 127.60
9 58.20
10 131.70
7 115.50
6 140.10
5 105.70
3 92.70
6 33.00
6 22.40
2 194.90
4 91.10
5 180.60
6 175.70
3 140.80
6 174.70
5 145.30
8 111.90
6 126.20
3 178.80
1 1006.10
7 82.70
3 138.30
4 193.40
1 84.80
9 109.20
3 117.20
2 73.50
4 123.50
7 452.20
1 2458.70
10 9.10
3 113.20
4 68.50
2 6.50
10 434.40
7 182.80
3 187.70
7 52.60
2 137.90
10 112.50
6 3.20
7 151.60
5 131.10
7 8.70
2 655.70
1 13.50
4 70.00
9 51.50
8 2444.10
6 115.40
1 101.20
5 334.90
9 89.00
8 81.90
10 1306.50
4 97.70
2 130.60
8 182.10
4 112.20
5 170.70
7 16.90
1 131.30
6 88.20
9 34.50
10 521.70
3 98.20
6 1580.20
9 120.00
1 32.40
7 164.60
3 294.50
10 499.00
10 301.60
9 52.60
6 156.20
2 2.80
9 124.80
7 104.60
9 7.70
6 50.40
6 706.00
2 480.20
9 126.20
5 184.00
3 22.20
2 135.20
8 533.30
8 71.70
8 83.90
6 404.00
4 56.50
1 139.20
7 40.70
4 168.10
5 162.60
3 621.50
1 198.00
8 74.60
8 148.90
9 40.40
6 4.70
4 76.10
3 177.80
10 95.00
4 113.40
6 60.00
10 57.50
8 163.50
6 197.50
6 3.50
3 143.90
2 44.90
4 153.40
1 110.60
1 50.50
9 475.40
1 185.30
5 136.50
2 31.30
2 250.00
8 54.10
1 228.30
1 124.80
9 151.90
1 6.60
5 142.60
4 1339.10
8 41.30
7 47.10
2 93.00
8 2883.80
5 2128.30
8 12.90
7 162.60
7 152.10
5 43.10
2 187.20
5 103.00
8 107.20
10 26.20
2 131.80
6 93.80
9 161.60
5 99.10
7 182.50
4 179.80
1 53.60
2 2371.00
3 2113.20
10 93.70
5 8.80
4 161.40
1 435.60
4 189.10
2 20.10
2 144.40
5 25.90
8 187.40
10 44.10
7 176.90
1 129.90
4 73.80
1 383.80
8 104.90
6 136.50
10 131.50
8 190.50
5 78.80
10 12.10
2 327.20
1 56.10
7 140.50
4 84.90
9 180.00
6 192.00
2 74.20
10 122.70
9 123.50
9 79.00
1 17.50
9 56.20
9 1523.60
8 140.30
7 275.50
1 196.70
2 443.90
10 372.10
10 73.20
3 120.90
5 13.90
6 157.20
1 96.20
8 172.40
9 131.30
7 99.10
10 175.60
4 48.60
6 209.30
10 23.00
1 561.90
1 482.60
7 48.20
10 95.80
6 180.50
7 1626.50
8 107.00
6 722.10
9 112.20
10 93.90
7 579.10
10 34.90
7 111.40
4 144.00
4 56.70
5 152.10
7 126.10
6 194.00
5 167.80
1 569.80
4 108.50
1 49.70
4 193.30
6 195.70
8 12.40
8 80.10
3 113.50
2 126.00
2 77.80
10 51.80
1 39.50
2 223.70
1 482.60
8 381.10
10 173.60
8 120.30
6 388.00
7 66.80
3 309.90
3 339.00
6 62.40
5 1993.10
1 195.70
7 133.40
7 199.10
5 119.40
3 155.40
5 85.10
1 125.30
5 12.20
10 35.00
2 134.20
10 132.00
9 156.10
4 25.20
4 172.80
10 283.40
6 3.80
5 351.30
5 137.10
10 189.20
10 146.60
2 48.40
4 5.80
1 111.30
3 1010.60
1 426.80
1 154.50
9 15.30
2 31.00
8 430.80
4 590.80
3 279.10
4 177.60
4 82.50
5 21.20
8 116.50
10 533.70
4 156.50
2 163.70
5 287.10
3 128.40
1 31.80
8 8.60
7 192.30
6 166.80
9 181.40
9 165.50
2 55.60
10 149.40
10 353.20
4 165.40
6 563.00
6 20.80
3 95.60
6 154.90
3 156.30
3 136.70
2 1192.00
5 153.40
5 14.70
5 134.20
6 876.80
9 160.10
6 101.00
9 1092.60
5 88.30
4 167.20
5 125.30
1 143.70
8 16.80
9 81.80
6 61.90
2 24.50
7 133.40
8 130.10
10 20.30
9 192.00
10 155.90
10 591.10
4 91.70
4 2649.20
7 105.10
6 541.20
4 589.20
8 98.20
1 235.90
8 158.80
8 2970.80
6 69.90
5 103.70
5 45.70
4 186.60
5 176.20
6 1383.60
3 561.50
4 118.40
8 59.90
9 16.40
10 69.90
1 86.00
7 445.00
2 125.60
8 7.80
5 52.20
6 52.30
10 108.90
10 7.30
8 27.90
10 24.10
8 100.50
9 37.80
8 90.50
7 10.00
10 95.70
8 74.80
5 117.20
4 136.20
2 1318.30
10 81.00
1 367.30
8 162.80
8 57.00
9 136.50
8 64.90
4 117.70
1 403.10
10 134.20
9 316.60
4 465.40
2 194.70
10 533.60
7 25.20
3 182.90
2 125.10
8 45.00
2 484.30
1 151.30
5 54.10
7 2889.70
4 164.40
7 50.10
9 122.00
3 122.70
7 78.00
5 293.20
1 121.00
1 62.10
9 157.00
9 110.10
9 121.00
4 1615.10
5 205.90
9 201.80
8 119.50
10 84.00
10 416.40
7 119.10
6 131.30
9 158.40
10 129.70
2 48.00
1 161.50
10 195.20
6 85.30
2 561.20
5 145.90
2 449.70
6 228.90
2 1751.20
3 53.10
4 33.90
1 264.30
9 188.00
5 144.70
7 51.10
7 193.40
7 24.90
9 76.10
10 97.50
9 121.10
9 497.10
7 136.70
2 87.00
3 44.40
6 320.80
6 183.30
10 121.00
2 112.40
4 188.90
4 259.70
10 1252.30
2 133.20
9 41.50
9 135.40
2 75.20
8 580.60
3 112.60
2 116.30
3 86.90
6 37.40
6 111.10
10 20.00
10 425.20
2 125.20
3 147.90
4 163.30
5 258.70
7 287.80
1 72.70
7 137.70
6 538.70
8 485.60
5 98.40
6 336.80
10 116.40
7 63.90
3 134.30
9 77.90
1 286.40
10 146.00
5 51.90
7 175.10
8 26.80
1 89.60
10 240.00
9 151.50
7 126.40
4 123.80
3 45.30
5 9.50
1 50.30
6 48.20
8 1970.30
6 528.40
1 78.50
8 145.40
2 8.90
5 29.70
3 545.50
5 266.30
6 57.40
6 178.50
9 154.30
9 156.60
5 116.50
6 1807.50
7 133.00
10 552.60
7 152.70
1 2658.30
9 2590.70
8 132.80
2 23.50
8 513.00
7 141.20
7 1683.30
2 2424.50
8 126.60
8 372.80
6 88.90
9 31.10
10 431.50
5 138.30
6 65.00
1 157.50
6 188.50
1 584.80
5 155.30
2 189.80
8 75.20
9 78.60
6 65.70
2 6.80
8 192.30
9 72.10
6 2381.50
5 321.30
10 186.90
1 65.70
2 94.70
10 48.00
6 3.90
5 416.90
7 114.00
10 175.50
1 189.30
9 337.70
8 5.70
4 108.60
5 82.90
8 35.10
10 44.20
7 41.70
2 45.00
9 244.80
3 99.00
7 71.20
4 361.60
3 403.30
10 181.90
3 17.60
3 109.30
4 99.60
10 153.10
8 124.00
2 2204.30
1 175.30
1 43.60
4 97.00
5 57.90
2 76.40
4 395.30
1 45.50
3 413.50
8 7.30
9 154.10
6 150.30
10 41.10
1 418.00
2 527.30
2 13.20
4 58.50
7 2612.30
7 363.80
6 18.40
1 420.90
10 20.30
6 173.20
3 124.40
5 110.40
7 352.10
10 197.90
1 182.10
7 91.90
10 318.00
6 591.60
8 48.40
9 193.80
7 156.00
8 125.70
9 104.40
3 74.80
10 412.70
3 1027.60
5 26.90
4 38.90
1 494.70
1 135.30
4 190.40
3 31.10
10 118.20
7 171.80
4 85.80
6 171.10
2 136.20
6 98.60
4 88.60
9 191.20
8 26.80
3 170.20
7 19.40
8 176.40
1 161.90
8 121.30
9 763.30
7 103.00
8 535.10
10 63.80
1 141.30
7 2369.20
5 14.80
9 2813.00
5 160.80
8 1452.70
9 132.70
8 80.70
1 65.10
7 66.20
8 142.90
2 180.40
5 599.00
6 157.80
8 1899.00
1 526.00
9 142.60
2 414.90
6 155.00
9 126.70
9 214.90
2 501.40
7 137.20
2 142.10
8 119.30
3 150.40
4 76.60
3 50.50
7 76.60
10 288.30
1 464.90
8 25.30
8 22.60
7 144.90
7 7.60
6 479.80
10 164.80
8 23.70
5 332.40
9 47.60
1 101.10
6 1020.40
1 99.10
8 55.00
2 136.90
8 166.80
10 27.50
9 185.90
6 157.90
7 113.00
7 1050.60
9 124.80
7 46.40
10 175.30
7 155.10
6 8.30
2 16.90
3 171.40
1 41.50
7 185.00
6 2.40
3 81.00
1 82.00
8 108.70
1 65.40
2 50.50
9 21.00
5 16.70
4 133.20
1 140.20
6 131.80
10 37.80
8 183.90
4 156.00
2 195.90
6 74.00
4 2554.70
4 96.90
10 449.70
10 807.90
6 165.70
4 111.00
3 357.70
6 130.60
4 65.20
3 129.20
9 88.90
3 54.50
10 259.30
7 25.40
10 66.30
4 142.10
7 155.60
1 8.20
8 187.10
9 106.50
7 1.80
