1200
8 183.30
8 146.30
6 173.70
3 563.00
7 19.30
1 162.80
2 80.50
9 126.80
4 39.10
2 122.80
9 139.20
1 184.80
7 104.50
2 580.50
5 108.00
9 45.60
3 755.20
6 17.80
9 162.70
1 298.90
1 95.00
6 32.30
1 36.10
6 2118.50
4 103.10
7 562.40
1 32.20
10 1930.30
10 186.30
7 5.50
8 22.20
4 172.50
6 149.20
9 556.30
6 34.30
3 15.10
4 124.80
8 6.60
2 529.20
2 91.50
1 161.00
2 156.00
10 70.30
4 113.20
4 528.60
7 560.90
7 1.60
9 22.70
4 224.20
8 14.30
4 153.20
7 286.50
1 335.90
8 147.90
4 1375.30
1 539.90
9 63.40
3 251.10
5 99.70
8 216.30
9 952.30
5 393.10
1 2.10
7 78.80
5 502.30
10 184.00
3 90.80
3 141.00
5 121.70
4 566.50
6 38.50
7 103.60
3 27.60
3 185.20
2 3.70
5 75.30
3 89.70
10 104.90
1 483.80
9 29.60
7 112.70
5 177.00
7 197.90
4 111.70
6 426.30
9 36.50
5 31.10
4 2471.30
2 948.30
7 34.50
6 173.80
7 62.40
10 195.10
5 61.30
2 75.30
8 85.50
3 16.50
1 160.90
1 49.60
10 490.10
9 771.20
2 97.20
10 42.80
3 146.30
8 197.50
10 533.90
1 60.00
1 47.00
9 117.40
2 101.20
5 145.20
9 117.70
4 71.40
7 28.20
1 63.20
10 29.90
1 148.30
6 84.70
3 369.70
5 34.30
9 22.60
9 70.50
3 151.90
9 197.80
4 116.00
2 156.20
4 116.20
2 20.80
9 561.10
6 22.80
3 10.20
10 1145.40
1 36.60
6 96.70
3 133.30
8 440.40
3 125.70
9 80.50
2 15.60
4 62.50
1 174.80
8 17.20
4 2826.50
2 2462.70
10 206.50
3 155.10
3 129.90
8 122.20
2 129.00
10 77.50
3 43.40
9 100.60
2 89.50
10 2947.40
1 128.80
7 58.90
1 139.50
5 509.20
9 87.70
7 121.30
5 25.30
9 98.20
5 89.40
1 330.10
7 171.90
9 51.80
4 46.70
7 476.80
2 570.10
3 472.70
3 126.20
9 548.40
9 102.30
7 6.50
5 125.80
6 46.70
1 19.80
1 21.10
9 2620.20
10 146.00
4 79.40
9 403.70
6 91.00
6 48.60
9 30.70
5 17.10
5 43.40
9 1614.60
8 88.20
1 451.70
3 308.00
7 4.00
10 162.10
6 149.10
6 135.50
1 196.50
1 91.00
9 131.50
10 24.30
3 175.90
9 36.50
8 176.50
3 4.10
7 366.30
10 196.60
8 162.20
5 187.60
10 189.90
10 61.80
10 278.30
10 40.00
3 146.70
10 171.20
5 124.70
7 166.20
10 166.90
9 149.90
9 188.40
10 32.00
2 66.40
4 1506.90
6 59.10
5 108.90
2 81.90
3 469.30
5 165.50
2 23.00
2 11.90
6 15.70
8 54.00
3 178.00
3 1684.60
1 121.20
7 9.40
3 9.70
7 125.70
1 425.10
7 173.30
6 106.80
1 130.40
8 181.20
4 186.30
9 464.50
6 192.30
5 499.90
9 169.90
9 59.20
2 195.50
9 224.40
4 174.40
1 58.70
1 103.60
5 195.40
7 538.50
2 120.20
9 130.30
3 143.30
10 25.60
4 156.30
8 110.70
4 91.60
2 135.80
2 55.90
4 98.00
2 1051.00
7 149.00
5 14.00
6 66.50
8 41.40
4 144.00
4 24.90
5 81.00
2 177.00
8 8.80
6 179.70
1 277.00
5 100.90
3 183.90
10 6.10
5 144.50
4 111.90
9 507.60
2 368.80
10 110.70
8 81.60
6 33.60
3 192.70
6 77.60
4 77.50
5 63.20
7 252.10
7 167.30
2 197.70
3 114.60
9 89.10
8 189.50
10 234.00
4 88.10
6 41.90
3 132.30
1 272.70
10 152.50
5 22.10
2 315.90
8 1124.40
8 321.90
7 140.30
9 146.00
4 2310.50
8 383.90
8 189.40
9 12.20
1 25.50
2 65.20
8 64.70
8 421.60
1 117.90
7 58.80
5 124.90
4 161.70
5 165.00
3 52.30
1 163.50
1 13.30
2 91.80
7 87.70
9 118.60
1 1501.90
10 138.80
8 134.60
1 161.20
8 2517.50
5 108.30
2 1000.60
9 139.50
6 48.20
6 78.40
9 420.40
4 1045.90
4 2469.90
7 143.40
1 134.90
10 171.50
2 1294.00
2 486.30
10 2446.50
4 53.40
1 147.00
4 146.60
5 583.00
10 87.80
10 34.90
1 67.60
4 155.90
1 129.40
4 131.00
1 47.60
4 56.20
10 79.30
6 410.70
4 251.20
2 191.80
3 236.90
9 7.50
10 83.80
4 68.40
3 228.30
8 348.80
1 311.90
10 98.30
6 122.40
10 136.70
6 2574.00
2 93.80
3 130.90
10 150.40
9 423.20
5 108.90
3 43.40
6 176.30
6 2193.10
10 121.90
3 157.20
1 126.50
9 121.70
7 100.40
4 28.00
3 149.40
1 306.70
3 73.30
10 96.60
4 498.10
2 560.00
8 71.00
6 160.10
6 449.20
2 74.60
5 186.60
5 184.20
6 162.20
8 24.10
5 30.20
10 43.40
4 41.20
8 183.60
1 20.80
6 53.30
9 179.80
10 73.10
5 9.00
3 60.60
5 65.10
5 574.10
3 138.00
8 81.00
2 1973.20
7 225.60
7 147.10
8 181.40
9 81.80
8 185.60
10 120.00
7 130.40
2 23.80
1 78.10
7 34.50
8 130.00
6 120.40
9 196.00
10 1784.80
2 59.50
6 344.40
3 2806.40
1 83.70
1 2825.80
9 22.80
1 926.70
4 60.30
1 182.30
9 34.90
8 83.70
2 1706.60
3 86.10
8 83.80
3 193.80
8 45.60
8 40.60
1 159.10
3 2.70
8 61.80
9 61.80
4 459.10
6 185.70
4 148.30
10 65.00
8 1248.30
7 197.40
4 184.90
10 907.10
2 116.70
4 113.90
1 96.10
10 315.40
7 178.30
3 141.90
5 84.20
1 147.60
2 65.90
7 557.70
2 1655.40
1 214.30
1 47.30
10 83.70
10 352.80
1 494.50
3 102.00
7 92.80
3 391.40
8 539.20
3 139.90
6 1905.60
4 650.90
4 147.40
10 4.50
3 433.60
5 98.80
3 563.80
2 2182.60
8 963.30
1 189.20
5 24.60
6 50.50
2 138.80
7 493.80
5 52.30
5 1001.80
8 206.50
1 135.60
9 66.60
9 93.40
5 45.70
8 109.90
5 221.70
3 165.00
6 77.10
1 580.00
4 527.00
7 85.60
3 320.00
1 81.80
1 133.00
2 122.80
1 195.10
10 116.30
1 193.00
10 83.20
6 1044.20
8 48.10
5 98.30
1 197.60
9 485.30
7 187.00
8 122.40
9 102.40
3 592.20
5 26.30
3 66.40
8 136.50
5 39.20
8 199.40
6 68.30
2 164.70
3 126.90
5 339.80
5 155.30
1 529.80
4 102.90
1 91.20
1 197.70
7 123.90
5 102.30
1 891.50
1 507.90
8 174.70
7 91.60
9 30.20
6 111.70
10 66.20
7 100.10
8 1.60
6 24.80
2 26.50
9 80.90
2 100.70
6 396.70
10 172.90
5 1529.90
8 81.30
2 82.70
7 69.70
2 124.60
9 485.40
4 71.60
6 2829.20
9 130.20
6 140.90
5 1140.60
3 176.20
1 339.60
1 5.20
7 234.90
1 292.40
7 119.60
6 198.90
6 61.30
2 170.50
2 509.30
2 521.90
4 29.40
4 150.40
8 37.50
1 47.30
2 93.80
3 191.70
3 2155.40
7 823.30
1 186.10
7 2412.40
3 137.40
1 23.10
3 175.20
5 527.80
3 38.40
3 192.80
5 85.20
2 86.50
3 155.40
7 189.50
8 125.60
3 67.40
8 13.00
2 76.50
9 498.60
5 365.90
9 1496.50
5 28.30
10 167.90
2 371.80
6 179.80
3 482.70
9 95.80
6 2294.40
6 144.20
1 104.40
1 308.90
2 192.80
9 190.30
3 152.30
5 199.70
5 13.80
2 1191.50
2 28.50
10 1105.90
9 30.20
6 913.50
7 15.80
9 5.10
5 81.80
8 110.20
10 401.80
2 107.80
2 53.50
4 130.00
2 593.80
3 30.50
1 33.60
4 134.80
10 1649.60
8 1394.70
8 529.80
5 34.50
3 133.40
1 68.60
2 12.60
4 186.90
10 424.50
1 19.70
1 1049.10
1 126.60
1 91.10
10 56.10
5 5.70
2 55.50
4 116.80
7 418.20
3 66.40
9 43.90
9 172.70
8 70.50
2 79.40
1 83.50
4 142.90
10 96.30
9 38.40
6 290.70
2 2062.00
2 74.60
7 12.20
8 121.80
6 56.40
10 302.60
9 13.70
9 78.30
3 162.30
9 160.80
7 83.20
2 11.10
5 111.80
3 98.80
4 26.40
3 25.20
8 122.50
3 33.40
1 99.90
5 155.90
4 86.20
9 462.20
9 552.70
7 148.20
6 193.80
2 145.30
5 148.20
6 172.60
7 1737.30
5 186.00
8 128.60
3 1.10
9 21.70
5 47.40
4 79.70
6 36.80
4 4.60
7 124.90
1 173.30
9 193.30
3 9.10
4 178.10
4 101.70
5 9.80
10 2288.40
1 183.10
10 17.10
6 2221.30
10 569.70
2 167.90
6 598.40
8 182.60
6 55.30
4 79.00
9 2.10
9 2702.30
5 93.90
5 144.70
6 46.70
3 186.30
2 50.20
4 497.50
8 24.80
4 178.40
3 40.80
1 84.60
8 113.10
10 134.30
9 307.70
3 101.60
1 127.60
8 396.70
7 123.90
8 176.30
6 97.90
3 156.90
3 962.70
5 19.20
8 63.10
9 193.30
5 128.90
5 44.90
8 25.00
7 112.60
10 149.80
9 573.00
1 92.70
6 22.20
3 349.70
8 379.70
7 1133.20
2 48.10
8 53.20
10 1102.50
2 22.50
8 108.30
7 2299.80
7 521.80
8 145.30
3 11.40
3 92.00
9 84.20
3 197.90
6 183.90
3 90.20
4 167.70
8 208.00
3 34.30
9 64.10
5 113.00
1 86.40
3 150.50
6 164.30
1 46.60
3 105.70
9 127.90
1 183.80
6 162.50
2 176.80
7 107.70
4 36.30
1 130.90
4 158.50
2 512.90
4 655.40
2 46.50
7 95.70
4 23.50
4 73.90
5 188.60
3 2826.50
9 188.00
3 188.40
6 323.20
9 99.40
6 191.80
9 172.40
7 17.10
2 157.60
4 60.60
6 178.10
7 147.30
5 157.70
1 147.40
5 160.00
8 20.00
5 181.50
9 118.50
10 50.80
8 2221.30
3 433.60
3 143.80
3 98.10
3 170.80
8 189.70
7 7.30
5 507.80
4 156.60
7 1806.60
7 14.10
8 53.80
5 176.80
3 83.40
4 78.70
7 35.40
4 172.60
3 41.80
4 991.00
10 150.70
3 133.70
5 185.60
2 8.80
9 2363.60
6 48.30
7 185.40
1 198.70
9 45.80
9 150.00
6 187.30
6 21.10
5 79.70
6 2518.00
2 167.60
10 122.10
3 1999.70
3 177.60
2 77.80
9 309.10
3 70.10
2 110.30
4 95.00
3 371.80
7 597.60
4 197.40
2 49.40
7 287.10
9 16.80
8 189.60
2 89.40
4 1366.10
5 141.20
3 96.90
6 2312.00
6 333.00
3 116.90
5 122.40
6 191.20
5 188.60
7 46.80
10 177.10
10 1.90
3 52.30
5 99.80
4 138.40
4 112.70
3 197.20
10 2132.70
8 219.40
1 47.80
2 181.30
2 31.20
1 766.70
10 28.10
10 251.80
6 1628.60
10 129.20
5 387.90
1 1847.80
5 14.10
3 163.30
1 83.50
9 114.00
1 142.10
2 142.20
4 148.10
2 63.50
10 36.60
10 156.90
4 112.20
5 105.80
4 2244.70
3 112.30
9 297.30
4 1.20
3 177.50
2 97.90
2 142.20
2 412.10
7 169.70
10 1890.30
9 50.40
6 98.20
9 154.90
3 2285.60
5 128.80
6 8.10
6 60.90
3 199.50
10 43.20
8 148.60
10 14.80
1 77.20
7 136.10
4 125.00
6 1330.80
8 1325.70
10 1900.10
3 83.10
1 47.20
5 23.40
7 96.30
7 347.70
2 187.20
2 86.70
10 69.30
7 397.00
2 161.50
3 69.30
8 43.00
8 176.60
5 130.20
9 111.90
6 1906.50
8 191.20
5 147.20
5 14.20
1 104.40
1 183.50
3 42.20
2 159.10
2 45.90
4 1.00
5 1.10
5 10.50
10 117.90
3 159.10
2 92.30
1 56.00
8 291.80
7 161.10
1 215.10
5 77.70
3 63.90
9 41.20
10 439.80
2 1936.60
2 171.20
9 5.90
9 176.00
6 163.90
6 537.90
8 171.70
10 9.60
8 599.50
5 125.00
2 392.30
6 126.80
2 1179.90
9 2845.00
8 59.30
4 181.50
4 167.30
1 44.50
6 570.90
9 251.90
2 77.00
6 1184.30
7 191.20
7 424.50
2 115.70
4 193.80
3 120.60
8 138.20
3 530.90
8 460.30
6 2782.00
3 174.90
2 488.30
7 57.70
10 74.70
7 130.10
1 582.40
5 111.50
2 2783.40
2 99.60
9 32.80
6 5.80
3 109.70
2 492.40
1 143.10
9 1657.60
10 49.30
7 59.60
4 127.90
5 426.30
9 74.80
10 2852.90
2 42.00
5 1908.40
2 94.70
1 161.70
9 91.60
5 96.80
1 82.00
1 188.30
10 952.90
9 9.90
5 99.80
5 485.20
8 2194.00
2 173.50
9 659.90
7 43.00
8 105.70
1 156.00
2 247.90
9 456.50
8 37.90
9 172.30
9 124.40
3 91.40
7 301.40
9 74.30
10 173.50
1 72.90
6 161.40
2 109.70
2 203.10
9 88.20
1 279.30
1 91.70
4 145.00
5 2421.70
6 141.60
2 2227.10
1 119.20
2 405.90
4 107.00
8 429.60
8 90.50
7 2034.30
7 731.30
2 539.10
4 29.60
8 185.20
9 132.40
7 7.70
5 63.40
6 93.50
4 64.50
8 521.50
6 177.80
6 61.80
4 40.40
3 43.60
9 118.70
9 431.00
1 19.20
3 103.20
6 179.40
10 21.80
6 562.20
8 144.40
9 134.70
4 194.70
7 95.30
1 42.80
6 423.80
4 54.80
9 89.30
2 132.70
10 75.50
3 393.00
6 29.70
6 10.90
1 133.40
4 30.70
6 535.80
1 183.10
1 192.90
2 594.30
6 2926.50
5 50.40
3 591.20
3 73.40
4 17.70
4 13.60
1 64.40
7 2178.20
9 1567.10
7 74.20
4 18.50
8 7.70
3 173.00
8 73.30
3 311.80
10 2963.50
2 159.30
9 179.40
10 173.60
3 123.80
4 43.10
7 170.60
3 251.10
2 1683.00
7 489.20
10 468.40
10 136.50
7 809.70
1 91.10
4 167.40
10 578.40
8 88.00
8 132.60
10 84.70
10 145.00
2 524.70
6 33.90
7 57.70
10 27.30
2 3.50
5 133.20
10 124.40
4 15.30
5 342.20
8 199.00
8 158.90
7 124.80
4 2279.50
5 199.10
7 159.90
3 171.00
5 106.60
7 96.90
2 34.70
10 50.00
3 497.20
9 139.80
10 91.20
8 1.30
7 108.90
5 20.80
10 136.40
10 240.60
9 58.40
2 150.00
4 39.00
7 102.40
9 117.30
2 57.00
9 48.50
10 126.50
8 80.10
10 12.10
8 1978.30
7 47.80
10 205.70
2 106.90
10 1947.50
9 193.50
3 211.40
1 165.10
10 28.20
2 15.00
6 197.80
2 612.90
7 171.90
7 8.30
9 2643.60
9 392.30
3 119.90
5 162.10
8 2974.40
3 148.40
8 1060.00
