100
1 188.90
8 40.30
3 12.30
3 18.80
5 125.70
4 143.70
4 123.50
9 1731.40
3 1513.00
2 9.90
7 156.70
7 1707.40
1 126.00
5 119.80
4 1747.30
5 145.40
3 9.30
3 160.20
8 41.40
3 510.90
1 74.20
5 519.70
10 784.40
1 115.70
2 131.40
6 120.60
3 22.80
4 94.20
4 184.60
7 770.50
7 482.60
5 147.40
10 251.40
2 80.30
7 253.50
9 159.40
9 192.20
4 72.50
1 179.40
9 173.40
9 57.20
8 1078.30
6 143.30
9 135.70
3 180.20
3 124.80
3 130.50
4 420.00
3 23.10
7 130.70
10 110.00
2 178.70
2 134.70
7 157.80
2 102.60
10 178.90
3 5.80
5 197.20
3 186.30
10 81.30
9 167.80
1 158.00
3 283.00
4 1973.20
9 241.30
9 19.30
3 169.10
3 197.80
5 190.40
9 121.20
8 56.70
1 1244.70
7 49.00
4 98.20
10 96.90
3 123.20
3 245.30
5 82.40
4 55.50
2 195.80
4 164.10
5 94.50
10 137.60
4 178.60
5 90.70
2 20.30
2 164.60
3 172.40
4 64.00
6 348.70
10 133.10
4 30.00
9 139.20
1 47.70
2 159.40
10 53.00
3 1216.50
3 306.00
5 169.00
10 430.30
