250
7 157.10
5 149.30
9 20.20
7 174.00
8 155.60
5 2176.00
3 296.00
7 20.80
4 73.00
4 1714.60
1 856.40
8 115.20
3 1369.30
3 1716.80
2 41.80
5 94.10
8 97.20
2 53.50
2 154.70
8 61.20
1 673.50
6 107.90
10 208.00
5 98.20
1 1756.80
8 45.00
9 1328.90
2 59.00
6 54.80
9 2840.40
8 41.80
7 15.00
5 59.50
2 61.20
2 53.80
4 71.90
5 31.30
2 463.50
3 85.40
3 28.60
7 177.70
9 167.50
3 23.40
3 68.80
9 95.10
8 104.30
6 159.50
6 48.20
6 60.10
1 192.60
2 91.60
1 2924.60
1 48.40
2 186.30
10 90.80
3 160.90
9 197.30
7 15.00
10 210.60
4 178.10
10 8.30
4 63.80
7 113.70
5 292.90
9 136.50
7 37.10
4 160.40
10 36.30
7 118.10
7 106.90
4 558.90
8 165.10
1 188.30
9 21.10
1 309.40
10 2071.20
2 163.50
6 57.60
6 613.80
2 262.70
4 2.50
9 586.90
7 127.10
9 528.50
5 121.30
4 144.60
2 264.40
3 163.20
5 54.30
4 156.50
1 54.60
3 79.90
1 63.10
2 169.70
6 500.20
7 20.90
5 2938.80
9 135.20
9 119.60
8 86.30
7 1984.00
5 61.40
2 94.80
6 172.70
2 365.70
9 49.90
5 193.70
9 90.80
1 85.10
1 1333.50
5 140.80
1 122.50
8 2506.60
1 167.80
6 80.10
7 427.90
10 21.70
4 239.20
8 182.70
6 168.30
2 94.00
1 113.10
8 85.30
6 122.50
6 2054.40
4 156.70
4 64.40
7 84.40
8 1999.70
10 24.40
4 65.40
6 98.40
5 88.40
7 184.30
2 89.60
8 23.60
4 98.50
3 12.30
2 131.20
9 137.50
7 181.00
3 2982.90
5 190.70
8 170.80
9 106.70
10 114.40
3 151.60
5 11.80
4 5.70
3 160.40
9 100.20
9 82.10
9 911.20
3 54.70
5 165.80
9 2453.50
5 29.90
5 97.90
5 159.80
5 563.20
5 67.20
6 138.40
7 32.90
1 25.10
6 465.00
4 186.40
1 159.80
9 436.00
7 32.80
5 23.90
3 125.80
6 1474.50
7 29.90
1 191.00
2 480.00
2 1496.40
7 178.50
3 584.80
6 126.00
5 146.30
1 13.90
5 46.10
3 321.50
3 160.30
4 40.10
3 111.30
1 1.60
8 279.40
6 21.30
6 156.50
8 141.80
6 135.30
5 96.30
9 506.60
1 85.90
3 183.10
9 172.50
5 106.00
9 112.80
9 156.70
4 159.80
9 792.30
8 13.20
4 186.90
5 192.20
9 1.20
1 908.80
10 109.10
4 153.70
3 236.10
4 164.60
2 187.90
3 124.20
4 45.10
7 83.70
6 90.90
4 29.70
5 475.60
1 66.20
7 372.80
3 72.70
3 55.00
3 195.80
7 155.00
9 2843.30
2 44.50
8 24.90
5 94.90
5 60.80
3 94.00
9 80.00
4 10.20
10 191.90
1 87.70
7 76.60
7 78.60
3 55.30
2 143.00
3 8.30
5 1.50
1 26.80
1 97.10
1 394.00
10 163.40
5 43.20
7 125.20
6 31.20
2 596.40
2 131.30
9 3.50
