300
1 1.40
10 127.10
9 52.50
5 41.70
1 109.80
3 103.60
6 76.40
1 13.20
6 580.90
7 114.00
4 874.90
2 152.60
3 94.00
7 2972.70
3 185.10
10 69.70
9 141.70
2 225.90
2 141.40
5 132.40
9 132.20
7 138.20
6 121.20
9 1482.40
10 138.70
7 477.00
9 62.90
8 149.20
9 194.40
4 78.00
1 122.70
6 77.80
4 53.20
2 104.10
5 175.40
6 12.70
1 82.80
9 54.30
3 468.20
4 159.30
7 170.70
8 113.00
3 87.20
3 162.50
10 214.20
10 12.80
2 25.70
2 117.10
4 365.50
8 1324.50
4 130.90
6 14.30
5 448.80
5 8.00
9 99.70
5 77.80
9 184.80
7 37.30
8 137.30
1 109.80
6 26.20
7 84.30
4 126.90
10 226.30
8 197.00
9 196.20
6 182.50
8 108.20
4 154.20
4 2892.90
4 16.60
3 150.40
8 138.60
3 8.90
4 35.40
9 20.70
1 228.60
7 397.70
5 82.60
1 172.30
9 137.20
9 48.10
8 513.80
2 169.20
10 17.30
3 104.10
5 105.40
7 50.20
5 182.20
3 25.50
10 122.70
8 96.60
4 2113.10
3 143.00
6 553.40
10 21.60
2 93.70
4 88.30
3 179.70
6 112.50
9 106.80
1 2477.80
7 523.20
6 125.70
8 79.30
3 169.80
7 394.40
10 28.10
1 17.50
6 125.40
6 110.70
4 2871.00
5 160.70
7 12.80
2 47.10
10 82.30
6 53.10
8 38.20
3 78.30
10 114.60
7 102.50
9 191.60
7 21.40
2 175.40
3 122.10
8 142.70
3 49.90
9 59.00
4 182.40
2 119.10
6 2148.10
5 185.50
7 130.30
5 3.10
10 28.40
6 187.20
2 72.10
3 4.30
4 112.20
3 99.20
4 168.50
6 98.30
8 137.60
7 176.70
9 163.30
3 180.80
2 8.20
4 162.70
2 125.00
2 179.30
4 16.60
3 11.00
10 90.20
10 169.20
6 55.40
3 167.00
10 165.00
5 143.30
7 184.70
5 78.60
9 2484.40
2 327.60
9 44.90
3 54.10
7 31.60
9 280.20
4 123.10
10 174.60
5 55.80
2 20.20
4 2052.70
7 16.40
7 25.00
10 12.50
3 101.20
10 4.50
1 132.00
2 253.50
7 778.90
7 72.50
1 182.20
3 296.40
6 679.90
3 13.80
4 79.80
10 52.90
6 134.20
5 172.70
7 41.10
10 147.70
2 126.80
2 138.10
10 70.90
3 91.10
5 299.20
3 179.40
4 130.80
4 5.20
2 417.10
4 301.30
3 180.10
9 1293.80
3 1608.60
5 149.00
6 1041.20
6 195.50
6 115.20
6 2840.50
4 406.90
4 126.30
1 134.70
9 175.20
2 148.70
9 167.80
8 70.30
2 348.00
5 161.90
6 545.60
6 587.30
1 24.70
8 110.80
2 138.50
7 215.40
1 2826.50
7 47.80
4 120.70
6 171.20
3 133.60
2 198.70
7 78.10
4 438.80
3 54.50
7 141.30
7 66.60
3 51.50
1 90.00
1 45.60
8 115.10
9 514.60
3 464.30
3 27.20
8 130.30
2 132.00
10 179.80
9 163.70
9 189.60
1 174.80
2 140.10
3 115.00
10 16.50
3 81.70
2 1103.90
1 25.90
2 329.80
4 190.60
5 134.80
3 120.40
1 39.20
2 288.80
4 183.50
1 144.70
2 81.20
5 40.10
1 171.50
5 241.70
4 188.40
8 1057.00
2 94.70
6 10.60
5 427.10
5 14.70
8 21.20
1 134.40
2 58.20
9 180.80
4 82.80
4 156.90
8 1809.20
2 74.70
9 17.20
4 11.90
2 167.20
10 96.00
4 162.90
5 286.70
9 73.60
10 37.60
6 113.20
5 168.90
8 184.90
10 103.70
6 87.50
3 1561.40
6 140.40
1 25.40
5 168.60
6 1928.00
8 197.60
3 140.20
9 2622.90
