450
10 96.10
8 134.10
9 160.70
10 59.30
6 5.10
4 123.40
1 170.00
8 67.40
8 389.80
6 65.70
5 160.00
10 54.00
8 148.80
1 133.30
7 141.30
6 134.60
2 119.90
10 103.70
10 21.70
3 125.60
1 103.40
3 477.20
10 47.60
2 77.30
10 1935.50
7 400.90
7 23.60
6 138.10
9 71.80
3 125.30
8 148.00
2 101.20
4 35.20
7 154.70
3 253.60
9 2461.90
5 96.90
7 1933.10
4 40.40
3 8.30
8 50.30
4 73.00
5 131.90
10 490.20
3 598.90
5 237.10
2 62.40
6 28.30
10 49.30
1 461.00
9 119.80
5 137.60
3 127.00
4 109.00
10 9.10
5 143.40
2 76.90
1 2351.90
9 420.50
6 192.20
8 122.00
4 179.00
9 58.90
6 105.20
10 3.20
3 81.50
9 189.80
4 158.90
5 588.00
8 864.80
8 229.10
3 419.00
9 340.70
7 322.30
3 193.60
9 168.10
2 1734.40
10 286.80
5 94.10
9 190.30
5 2073.60
3 193.60
1 112.90
7 54.50
8 111.80
7 109.20
1 39.80
3 76.00
2 190.80
2 199.10
7 180.10
3 504.20
9 51.70
5 2126.70
4 89.00
6 295.50
8 347.80
2 68.30
1 110.30
7 368.70
8 184.30
9 3.70
9 106.00
2 65.30
7 167.20
7 74.80
6 132.30
5 3.90
1 842.10
1 160.70
5 206.00
8 489.90
3 117.40
9 188.60
8 197.50
1 1568.10
9 152.70
8 2.50
8 153.40
7 110.40
2 1848.50
8 114.70
5 109.60
6 12.50
6 44.40
5 178.10
4 102.70
10 177.10
5 147.10
2 2492.90
6 1397.40
7 1519.00
6 485.80
8 182.40
9 146.10
9 269.50
2 398.20
7 67.00
9 87.80
7 145.10
6 27.70
3 42.50
5 62.80
10 184.60
2 75.20
9 41.30
8 28.80
8 182.10
6 36.90
3 348.00
1 20.80
6 337.40
10 391.40
9 115.80
4 140.30
5 496.30
1 146.80
3 53.20
2 7.20
10 181.80
8 151.70
1 136.00
5 94.00
2 451.80
7 107.00
7 137.10
8 106.80
7 2271.50
5 151.30
1 55.30
9 168.40
10 658.80
9 140.80
6 101.60
5 2958.40
3 167.50
2 172.10
4 76.50
6 80.00
2 158.90
5 61.00
3 154.00
4 76.20
4 120.80
8 27.90
7 80.20
6 136.70
7 254.40
3 104.00
4 111.40
5 163.10
5 14.50
10 120.10
4 270.70
6 103.20
9 124.30
5 454.20
10 361.80
2 169.80
5 32.10
3 63.30
3 172.90
8 5.30
5 869.10
3 152.20
2 92.50
1 2588.00
6 130.90
2 135.30
5 2.80
1 143.60
2 21.50
9 141.70
7 57.30
10 152.70
8 54.90
4 405.70
3 330.00
1 93.50
10 141.10
9 118.30
2 12.20
10 110.10
2 93.50
6 68.70
9 487.80
4 39.70
10 165.90
3 76.40
5 516.00
7 51.50
7 178.10
5 82.00
7 221.10
4 67.90
3 370.20
7 2889.50
1 799.20
6 4.60
4 77.00
7 180.70
6 165.70
2 13.10
9 37.80
9 80.00
8 467.10
3 143.90
9 34.40
10 139.60
1 157.70
6 154.20
6 50.30
8 80.20
7 122.00
3 388.60
3 157.30
6 147.80
10 388.80
5 114.20
8 32.50
1 98.20
10 489.20
2 2.60
2 24.80
7 138.70
1 332.20
3 162.50
3 80.60
1 134.50
7 568.70
6 172.50
4 2512.00
7 431.50
6 84.00
6 163.50
8 1606.00
5 35.70
9 423.60
2 168.40
10 161.50
8 54.60
5 491.00
6 33.60
4 63.10
6 210.40
2 23.70
10 335.80
10 129.30
9 40.10
6 27.10
8 130.10
4 49.90
9 38.20
4 590.60
6 28.00
3 87.10
3 813.00
7 168.50
2 93.00
3 150.90
6 84.90
3 2594.20
5 11.40
6 144.70
4 51.40
4 186.60
5 49.80
4 132.90
1 94.60
4 35.20
5 2083.60
5 224.80
9 52.50
6 191.80
5 30.70
10 78.20
2 194.40
2 146.10
6 120.00
10 587.90
4 153.70
4 16.00
5 141.20
8 2721.60
4 399.40
8 87.30
3 192.20
6 2076.80
5 129.90
9 89.10
8 187.40
10 108.50
5 37.70
8 71.20
5 199.10
2 143.90
9 15.40
10 173.40
5 116.30
2 181.50
10 125.90
10 95.70
8 592.00
10 336.30
4 36.20
8 190.70
5 410.30
6 300.40
8 1733.40
7 908.30
2 381.80
4 189.20
10 59.40
2 1574.40
8 573.90
3 282.10
3 138.80
9 172.30
2 452.50
9 273.30
6 78.40
10 185.70
4 41.90
5 68.20
3 1007.80
2 27.40
2 44.40
8 2.90
5 694.60
4 164.00
5 433.10
6 247.70
5 919.70
4 137.10
9 177.90
7 77.40
2 176.20
10 449.40
7 40.00
9 41.00
5 82.30
10 24.30
8 73.50
5 17.90
10 195.90
3 565.00
10 644.10
2 8.10
6 191.60
1 65.80
4 190.10
2 322.80
10 16.30
3 428.10
7 33.60
8 67.30
9 56.30
5 147.60
8 167.90
5 47.00
7 49.10
10 63.40
5 188.90
9 7.20
8 194.90
9 1485.40
10 175.60
8 32.30
5 196.70
9 12.80
3 179.70
2 22.50
1 25.60
4 144.90
10 1604.30
6 23.90
8 151.80
7 943.30
8 147.30
4 316.80
8 89.00
9 165.40
6 436.50
3 70.00
10 1036.90
8 38.10
1 67.40
6 202.90
2 6.70
10 118.30
8 105.60
3 34.30
1 100.20
1 279.40
5 319.10
10 183.70
10 140.70
9 192.00
10 177.60
4 95.40
2 437.10
5 8.10
8 175.70
4 55.10
5 9.80
10 3.70
3 68.10
5 233.30
1 32.50
10 1250.50
