0000000000000000000000000000000000000000000000000000000000000000000000
0000000000000000000000000000000000000000000000000000000000000000000000
0000000000000000000000000000000000000000000000000000000000000000000000
0000000000000000000000000000000000000000000000000000000000000000000000
0000000000011100000000000000000000000000000000000000000000000000000000
0000000000011100000000000000000000000000000000000000000000000000000000
0000000000100000000000000011100000000000000000000000000000000000000000
0000000000111110000000001100010000000000000000000000000000000000000000
0000000000011000000000010000110000000000000000000000000000000000000000
0000000000000000000000010001000000000000000000000000000000000000000000
0000000000000000000000100110000000000000000000000000000000000000000000
0000000000000000010000011000000000000000000000000000000000000000000000
0000000000000000010100010000000000000000000000000000000000000000000000
0000000000000000011000000000000000000000000000000000000000000000000000
0000000000000000000000000000000000000000000000000000000000000000000000
0000000000000000000000000000000000000000000000000000000000000000000000
0000000000000000000000000000000001111111110000000000000000000000000000
0000000000000000000000000000000010000000001000000000000000000000000000
0000000000000000000000000000000100000000000100000000000000000000000000
0000000000000000000000000000000010000000001000000000000000000000000000
0000000000000000000000000001100001111111110000110000000000000000000000
0000000000000000000000000010010000000000000001001000000000000000000000
0000000000000000000000000010010000000000000001001000000000000000000000
0000000000000000000000000010100000000000000000101000000000000000000000
0000000000000000000000000000000000000000000000000000000000000000000000
0000000000000000000000000000000000000000000000000000000000000000000000
0000000000000000000000000000000000000000000000000000000000000000000000
0000000000000000000000000010100000000000000000101000000000000000000000
0000000000000000000000000010010000000000000001001000000000000000000000
0000000000000000000000000010010000000000000001001000000000000000000000
0000000000000000000000000001100001111111110000110000000000000000000000
0000000000000000000000000000000010000000001000000000000000000000000000
0000000000000000000000000000000010000000001000000000000000000000000000
0000000000000000000000000000000001111111110000000000000000000000000000
0000000000000000000000000000000000000000000000000000000000000000000000
0000000000000000000000000000010000000000000001000000000000000000000000
0000000000000000000000000000110000000000000001100000000000000000000000
0000000000000000000000000001110000000000000001110000000000000000000000
0000000000000000000000000000110000000000000001100000000000000000000000
0000000000000000000000000000000000000000000000000000000000000000000000
