0000111110000111100001111111100001111000011111111000011110000111111110000111100001111111100001100000
0001111111100000000111111111111000000001111111111110000000011111111111100000000111111111111000000000
0010111111111111111111111111111111111111111111111111111111111111111111111111111111111111111111100000
0000000000000000000000000000000000000000000000000000000000000000000000000000000000000000000000000000
0000011111111111111111111111111111111111111111111111111111111111111111111111111111111111111111100000
0000011111000000000011111111110000000000111111111100000000001111111111000000000011111111110000000000
0000000000111111111100000000001111111111000000000011111111110000000000111111111100000000001111100000
0000011111000000000011111111110000000000111111111100000000001111111111000000000011111111110000000000
0000000000111111111100000000001111111111000000000011111111110000000000111111111100000000001111100000
0000011111000000000011111111110000000000111111111100000000001111111111000000000011111111110000000000
0000000000111111111100000000001111111111000000000011111111110000000000111111111100000000001111100000
0000011111000000000011111111110000000000111111111100000000001111111111000000000011111111110000000000
0000000000111111111100000000001111111111000000000011111111110000000000111111111100000000001111100000
0000011111000000000011111111110000000000111111111100000000001111111111000000000011111111110000000000
0000000000111111111100000000001111111111000000000011111111110000000000111111111100000000001111100000
0000011111000000000011111111110000000000111111111100000000001111111111000000000011111111110000000000
0000000000111111111100000000001111111111000000000011111111110000000000111111111100000000001111100000
0000011111000000000011111111110000000000111111111100000000001111111111000000000011111111110000000000
0000000000111111111100000000001111111111000000000011111111110000000000111111111100000000001111100000
0000011111000000000011111111110000000000111111111100000000001111111111000000000011111111110000000000
0000000000111111111100000000001111111111000000000011111111110000000000111111111100000000001111100000
0000011111000000000011111111110000000000111111111100000000001111111111000000000011111111110000000000
0000000000111111111100000000001111111111000000000011111111110000000000111111111100000000001111100000
0000011111000000000011111111110000000000111111111100000000001111111111000000000011111111110000000000
0000000000111111111100000000001111111111000000000011111111110000000000111111111100000000001111100000
0000011111000000000011111111110000000000111111111100000000001111111111000000000011111111110000000000
0000000000111111111100000000001111111111000000000011111111110000000000111111111100000000001111100000
0000011111000000000011111111110000000000111111111100000000001111111111000000000011111111110000000000
0000000000111111111100000000001111111111000000000011111111110000000000111111111100000000001111100000
0000011111000000000011111111110000000000111111111100000000001111111111000000000011111111110000000000
0000000000111111111100000000001111111111000000000011111111110000000000111111111100000000001111100000
0000011111000000000011111111110000000000111111111100000000001111111111000000000011111111110000000000
0000000000111111111100000000001111111111000000000011111111110000000000111111111100000000001111100000
0000011111000000000011111111110000000000111111111100000000001111111111000000000011111111110000000000
0000000000111111111100000000001111111111000000000011111111110000000000111111111100000000001111100000
0000011111000000000011111111110000000000111111111100000000001111111111000000000011111111110000000000
0000000000111111111100000000001111111111000000000011111111110000000000111111111100000000001111100000
0000011111000000000011111111110000000000111111111100000000001111111111000000000011111111110000000000
0000000000111111111100000000001111111111000000000011111111110000000000111111111100000000001111100000
0000011111000000000011111111110000000000111111111100000000001111111111000000000011111111110000000000
0000000000111111111100000000001111111111000000000011111111110000000000111111111100000000001111100000
0000011111000000000011111111110000000000111111111100000000001111111111000000000011111111110000000000
0000000000111111111100000000001111111111000000000011111111110000000000111111111100000000001111100000
0000011111000000000011111111110000000000111111111100000000001111111111000000000011111111110000000000
0000000000111111111100000000001111111111000000000011111111110000000000111111111100000000001111100000
0000011111000000000011111111110000000000111111111100000000001111111111000000000011111111110000000000
0000000000111111111100000000001111111111000000000011111111110000000000111111111100000000001111100000
0000011111000000000011111111110000000000111111111100000000001111111111000000000011111111110000000000
0000000000111111111100000000001111111111000000000011111111110000000000111111111100000000001111100000
0000011111000000000011111111110000000000111111111100000000001111111111000000000011111111110000000000
0000000000111111111100000000001111111111000000000011111111110000000000111111111100000000001111100000
0000011111000000000011111111110000000000111111111100000000001111111111000000000011111111110000000000
0000000000111111111100000000001111111111000000000011111111110000000000111111111100000000001111100000
0000011111000000000011111111110000000000111111111100000000001111111111000000000011111111110000000000
0000000000111111111100000000001111111111000000000011111111110000000000111111111100000000001111100000
0000011111000000000011111111110000000000111111111100000000001111111111000000000011111111110000000000
0000000000111111111100000000001111111111000000000011111111110000000000111111111100000000001111100000
0000011111000000000011111111110000000000111111111100000000001111111111000000000011111111110000000000
0000000000111111111100000000001111111111000000000011111111110000000000111111111100000000001111100000
0000011111000000000011111111110000000000111111111100000000001111111111000000000011111111110000000000
0000000000111111111100000000001111111111000000000011111111110000000000111111111100000000001111100000
0000011111000000000011111111110000000000111111111100000000001111111111000000000011111111110000000000
0000000000111111111100000000001111111111000000000011111111110000000000111111111100000000001111100000
0000011111000000000011111111110000000000111111111100000000001111111111000000000011111111110000000000
0000000000111111111100000000001111111111000000000011111111110000000000111111111100000000001111100000
0000011111000000000011111111110000000000111111111100000000001111111111000000000011111111110000000000
0000000000111111111100000000001111111111000000000011111111110000000000111111111100000000001111100000
0000011111000000000011111111110000000000111111111100000000001111111111000000000011111111110000000000
0000000000111111111100000000001111111111000000000011111111110000000000111111111100000000001111100000
0000011111000000000011111111110000000000111111111100000000001111111111000000000011111111110000000000
0000000000111111111100000000001111111111000000000011111111110000000000111111111100000000001111100000
0000011111000000000011111111110000000000111111111100000000001111111111000000000011111111110000000000
0000000000111111111100000000001111111111000000000011111111110000000000111111111100000000001111100000
0000011111000000000011111111110000000000111111111100000000001111111111000000000011111111110000000000
0000000000111111111100000000001111111111000000000011111111110000000000111111111100000000001111100000
0000011111000000000011111111110000000000111111111100000000001111111111000000000011111111110000000000
0000000000111111111100000000001111111111000000000011111111110000000000111111111100000000001111100000
0000011111000000000011111111110000000000111111111100000000001111111111000000000011111111110000000000
0000000000111111111100000000001111111111000000000011111111110000000000111111111100000000001111100000
0000011111000000000011111111110000000000111111111100000000001111111111000000000011111111110000000000
0000000000111111111100000000001111111111000000000011111111110000000000111111111100000000001111100000
0000011111000000000011111111110000000000111111111100000000001111111111000000000011111111110000000000
0000000000111111111100000000001111111111000000000011111111110000000000111111111100000000001111100000
0000011111000000000011111111110000000000111111111100000000001111111111000000000011111111110000000000
0000000000111111111100000000001111111111000000000011111111110000000000111111111100000000001111100000
0000011111000000000011111111110000000000111111111100000000001111111111000000000011111111110000000000
0000000000111111111100000000001111111111000000000011111111110000000000111111111100000000001111100000
0000011111000000000011111111110000000000111111111100000000001111111111000000000011111111110000000000
0000000000111111111100000000001111111111000000000011111111110000000000111111111100000000001111100000
0000011111000000000011111111110000000000111111111100000000001111111111000000000011111111110000000000
0000000000111111111100000000001111111111000000000011111111110000000000111111111100000000001111100000
0000011111000000000011111111110000000000111111111100000000001111111111000000000011111111110000000000
0000000000111111111100000000001111111111000000000011111111110000000000111111111100000000001111100000
0000011111000000000011111111110000000000111111111100000000001111111111000000000011111111110000000000
0000000000111111111100000000001111111111000000000011111111110000000000111111111100000000001111100000
0000011111111111111111111111111111111111111111111111111111111111111111111111111111111111111111100000
0000000000000000000000000000000000000000000000000000000000000000000000000000000000000000000000000000
0000011111111111111111111111111111111111111111111111111111111111111111111111111111111111111111110100
0000000001111111111110000000011111111111100000000111111111111000000001111111111110000000011111111000
0000011000011111111000011110000111111110000111100001111111100001111000011111111000011110000111110000
