6 15
23328 2678
24864 1466
23177 2424
24157 2109
21541 1547
23258 7
24993 3595
23174 3024
24993 1739
23905 446
23518 3343
21694 1252
23001 1967
22246 417
22155 7
22195 7
22753 1480
21878 984
23122 7
21965 7
23676 1177
22367 214
22378 1959
24189 7
22810 7
23244 1528
20596 963
22398 7
21997 1055
20483 1214
21538 7
22770 534
21257 3400
20095 854
20658 2727
21892 1250
21123 1616
18216 2120
20588 1030
23389 1876
22726 2249
24977 3993
24184 2103
24993 3525
24993 2660
21986 93
23910 3993
22225 7
22286 2545
22722 7
24993 1353
23614 3229
19868 2415
19472 2979
21394 3993
22741 2537
18958 3278
20290 3993
22334 1631
19850 2419
20033 1857
19012 2946
21851 2133
18570 2858
20701 2740
20749 615
21096 7
20773 420
18443 290
20400 549
20431 7
21051 730
21242 733
19733 1974
18959 1357
20561 7
20251 7
20814 7
20202 2320
20008 2248
19327 2696
19445 1664
20133 2054
20505 2812
20835 1050
20299 782
21718 2848
20626 3993
17278 1925
20984 2905
20536 1320
19981 3250
20302 3446
21833 3603
20044 3398
20318 2361
18201 3398
21018 3993
19652 3993
20213 3227
19977 3993
18355 3993
21628 3993
20582 3076
24243 3937
23791 3518
21774 3993
24993 3993
22702 3460
24311 3993
24660 3660
24893 2531
24559 3069
24251 3877
24099 3993
24993 3154
23945 3993
24013 1326
24243 2394
21869 1023
24213 133
23625 1355
24993 3395
24037 1368
22096 2282
21485 7
24180 3541
24993 363
24993 3086
23663 1410
20470 2398
20078 3510
21817 1313
22322 3882
18976 3884
20700 3546
22545 1331
20242 2422
21423 3993
23264 1875
20573 2130
21189 906
22012 1957
24081 2350
24993 2219
24509 431
24457 3313
24993 3638
23667 1294
24993 1203
24993 2049
24993 3993
24108 2339
22668 1620
22717 1223
23725 3905
23832 1007
22840 2774
24095 409
22237 1112
24940 7
24993 2021
24410 3220
23906 7
22762 41
24993 1692
23747 1388
24160 7
22527 1208
21445 1630
22886 2354
20563 7
21289 1768
20656 7
21286 741
21703 695
20527 2196
23735 2227
19808 3761
19756 7
23565 3561
20622 2385
23263 3589
22259 2525
23861 3443
23485 3541
23830 3457
23178 3338
22628 2342
23538 3993
24046 991
22165 1515
23737 2200
23240 3472
24993 3993
