6 4
21413 2539
20837 384
22804 428
20000 3802
20105 2909
21571 2607
21268 1346
20827 3993
19664 3993
21351 3993
21453 15
21483 401
22738 3675
20230 2296
21967 1843
18251 299
19289 1425
21551 2219
20453 3058
18479 3049
19871 1844
20060 1823
20814 2322
19319 3603
20559 3993
21020 3993
21715 3850
20459 3979
21671 3231
21418 1748
21996 3993
22125 3982
21227 3993
18864 3019
21873 3006
20073 3993
21094 3068
22469 3511
22074 3993
21589 30
19598 763
21571 7
22257 7
21069 196
23977 7
21160 7
21315 7
23765 756
23529 7
21311 1635
20526 7
21606 372
