4 6
24000 2000
24000 1000
24000 1250
24000 1500
24000 1750
24000 3000
24000 2750
24000 2500
24000 2250
24000 2000
24000 1000
24000 1250
24000 1500
24000 1700
24000 3000
24000 2750
24000 2500
24000 2250
24000 2000
24000 1000
24000 1250
24000 1500
24000 1750
24000 3000
24000 2750
24000 2500
24000 2300
24000 2000
24000 1250
24750 2000
24000 1500
24000 1750
24000 3000
24000 2750
24000 2500
24000 2250
24000 2000
24000 1000
24000 1250
23750 2000
24000 1750
23250 2000
24000 2750
24250 2000
24000 2250
24000 2000
24000 1000
24000 1300
24000 1500
24000 1750
24000 3000
24000 2750
24000 2500
24000 2250
