6 15
21536 1615
23709 356
21513 1601
22455 3315
19822 1779
21732 1654
22271 2180
21095 1784
21244 1489
23623 3491
23890 1168
19588 2562
22788 64
21956 3408
23479 3993
21614 3993
20790 3003
21324 3993
21104 3993
21165 2635
21552 3930
21153 3993
22711 3993
19494 3993
21960 3447
24866 3993
19570 2241
21124 2458
17488 1392
19724 2365
19546 3993
19565 2073
20403 880
20910 425
19824 786
20421 7
19479 1632
17376 3988
17879 982
23868 3709
23830 2683
24404 3993
21669 3987
24814 3966
24993 2352
24350 3760
24993 3993
22565 2485
21288 2993
23810 1315
23746 3993
23794 3665
23137 907
23294 1273
24201 1242
24993 3014
21909 1232
21440 707
23211 288
23242 739
23218 1055
23350 570
22879 7
24808 2096
23443 491
23084 4000
23584 3993
24393 3993
23125 3842
24923 2808
22071 2521
24888 3993
20360 3993
21678 3610
23121 3953
22992 3993
20887 3993
22801 3990
24311 1900
24993 2906
24341 1675
23750 7
24732 2246
24833 979
24993 2641
24304 2016
24210 1652
23127 7
23853 1083
24395 1555
22641 7
21237 2006
21224 2001
21647 1728
20435 3993
20984 2234
22446 1984
21977 849
19062 1317
22299 3111
22547 3122
23026 2218
20801 986
22801 3241
20004 901
20627 1512
18470 363
21340 2369
17818 7
18280 1184
18575 2686
19258 1772
19870 1133
18918 7
18818 1132
21665 2260
19273 7
19835 1858
20054 1407
19824 1871
18008 3019
22304 896
18321 3788
21156 2338
20016 1663
19113 2086
20049 2872
20286 3306
19784 2301
20312 1672
20487 124
20730 232
18604 551
20246 7
21428 7
18893 7
19764 3015
20557 7
21009 7
19442 7
22718 7
22428 1447
20506 7
21908 2715
21985 3993
21758 2015
23088 1150
23440 2892
22872 3993
21635 1374
22726 3993
21677 1838
20533 720
22375 1405
20602 2584
21897 2551
22088 3841
21961 3831
19491 2753
23104 3993
22201 3839
22609 3993
23985 3993
22841 968
23958 3993
22871 2677
23018 1284
22683 2704
21861 3763
23670 3197
24993 3005
24850 3974
22714 634
23083 3361
23117 3993
24096 3844
21841 3554
23337 3800
24993 3993
24120 3350
24162 3244
23003 3599
23763 3342
23387 3993
23653 3438
21549 3827
23499 3993
24993 1663
23240 855
22429 2967
24993 2313
23248 3691
23783 3993
23991 2714
23946 3993
