4 10
23734 1124
24095 2356
23791 1085
22530 1131
22927 1976
24003 1949
23508 422
24418 1148
23144 399
24460 771
24993 7
24790 1047
24993 426
24993 865
24993 1663
24993 2193
24655 805
22570 845
22640 472
22456 82
20120 7
24370 1154
22680 7
22260 1770
21843 7
21939 1569
19992 1193
22656 651
22829 481
22726 238
21280 7
23216 841
22413 1999
22838 7
21610 204
22386 799
22006 1054
22001 7
22987 13
19726 1444
21791 910
22627 2646
21006 188
22136 7
22175 1385
20351 1407
19209 532
20695 2015
20984 349
20156 1979
19352 3435
21655 1457
18722 15
20951 1771
21054 143
20515 844
18850 7
19734 1898
19164 1117
20364 7
20433 7
19974 1058
19571 143
21572 3242
21422 2757
21833 531
22299 2709
22265 2039
21480 3119
22968 1910
23445 2183
22322 924
21829 137
23314 2624
21982 2922
23307 2593
19474 7
24450 7
23030 628
24715 851
23051 7
23039 1151
23114 1285
24993 904
23499 7
24993 7
22160 1262
21973 492
23795 824
21758 991
