100 447
50 258
20 894
500
140
190
100
50
220
160
100
150
110
150
60
120
90
250
230
240
250
160
200
40
100
200
190
240
90
240
230
200
140
250
150
90
60
180
50
100
100
140
110
150
150
80
170
50
230
80
50
240
130
220
190
190
170
50
170
200
240
210
160
190
90
130
190
60
240
90
180
120
130
250
40
140
110
90
140
50
200
170
80
60
140
100
190
210
210
50
80
120
150
200
250
40
220
120
250
150
170
190
250
150
180
70
240
120
140
90
40
170
230
240
210
190
170
160
200
60
240
170
40
200
120
60
120
150
60
140
130
190
160
180
150
170
160
210
170
70
220
40
160
210
250
240
50
230
110
210
250
250
220
250
130
210
230
220
230
150
250
120
90
230
130
230
100
140
170
70
150
230
90
190
160
100
160
60
130
40
100
180
200
140
160
110
120
220
160
60
130
210
50
120
130
170
90
100
60
40
140
140
170
250
40
200
170
190
220
170
250
250
100
240
200
240
170
190
120
60
120
250
170
250
250
230
190
170
210
200
150
200
230
180
140
140
170
90
50
120
50
230
160
50
100
80
200
100
250
120
60
40
80
50
240
70
180
130
110
80
40
220
120
130
90
180
230
50
250
190
60
170
190
220
190
200
80
200
50
240
40
210
160
140
230
250
50
100
180
110
100
40
200
50
190
50
40
120
240
50
50
250
100
190
110
40
160
220
240
230
90
240
100
230
150
50
210
210
150
200
140
80
60
210
110
240
230
170
80
250
150
90
160
200
180
170
130
170
90
130
170
140
50
170
150
160
250
80
100
200
140
190
80
160
250
230
180
140
190
40
170
230
180
140
250
160
160
100
120
140
60
70
50
180
120
180
160
190
230
140
130
160
90
120
180
180
160
180
200
70
110
110
220
90
100
70
70
220
200
110
210
190
110
200
250
120
250
130
80
80
120
100
230
130
200
190
190
90
70
200
100
100
80
200
90
40
200
210
90
220
70
150
90
90
190
130
110
150
250
250
160
120
80
250
190
160
110
130
210
170
80
120
210
210
80
120
140
110
100
190
230
210
240
240
160
90
40
220
230
230
120
60
250
160
120
50
70
210
140
170
70
230
90
100
250
120
60
50
200
250
120
150
160
190
50
90
60
220
210
110
180
160
220
190
