20 1500
100 1000
5 1000
750
250
240
140
300
290
10
180
290
190
170
190
110
300
160
300
300
120
40
220
250
260
90
80
90
30
270
70
140
180
220
300
280
290
90
210
50
140
90
270
140
90
180
160
190
140
130
110
140
120
130
110
190
170
90
90
20
250
110
260
160
200
290
130
170
150
240
290
260
140
190
240
110
210
200
190
150
40
140
270
100
90
180
100
180
110
130
130
160
90
50
120
120
210
260
50
140
140
160
20
200
30
160
70
10
160
170
150
280
120
40
40
140
220
70
250
230
160
210
170
300
100
20
230
60
260
90
180
160
20
140
40
220
290
210
10
130
110
150
30
160
210
110
130
30
250
190
90
170
10
90
190
220
290
70
140
300
290
220
290
210
30
260
110
100
100
110
300
230
10
300
120
90
80
90
10
180
170
260
250
220
280
190
150
300
200
190
140
170
180
200
210
300
150
50
70
50
260
200
250
130
20
140
30
140
260
80
20
110
30
70
90
230
40
160
190
120
240
230
270
140
210
70
40
120
300
240
190
40
160
130
160
290
150
180
90
210
10
50
130
250
270
100
90
10
150
170
80
150
110
260
270
240
250
110
110
110
120
170
50
220
230
280
70
170
210
260
250
200
40
100
80
220
40
220
40
220
60
150
210
100
250
150
300
50
280
170
70
100
260
270
230
90
250
60
110
260
280
160
240
60
300
190
290
120
140
50
210
40
100
210
90
180
270
280
160
180
200
80
240
280
100
180
160
240
200
60
140
100
200
10
10
260
30
20
80
300
100
30
140
190
70
150
230
280
170
60
80
190
220
280
260
220
40
280
290
210
150
40
250
100
40
60
180
200
70
100
40
260
70
130
50
170
280
120
210
230
80
240
180
270
230
300
260
230
270
30
260
210
150
120
40
270
120
100
70
250
220
100
190
30
60
170
290
220
200
230
60
110
70
20
220
140
250
230
190
200
170
190
20
70
270
220
180
180
30
250
230
150
20
140
190
170
200
30
240
120
150
210
50
160
280
80
70
170
70
230
210
20
10
150
160
30
60
120
70
130
130
200
200
150
180
150
150
210
240
200
140
210
170
260
170
200
10
20
210
290
220
200
250
240
70
50
240
240
190
230
100
260
250
230
200
130
190
80
210
30
100
260
230
170
290
290
90
290
260
290
260
140
120
210
40
110
10
100
240
150
300
180
150
270
130
180
160
70
160
40
40
210
130
70
220
260
80
170
40
30
240
160
50
180
40
80
50
50
250
250
250
130
10
240
60
240
240
180
50
200
120
100
150
300
170
300
110
80
260
170
150
180
270
120
10
20
50
220
300
70
70
60
260
50
150
30
60
110
180
130
240
280
200
60
40
170
30
40
220
110
160
90
120
90
90
250
90
270
80
10
190
260
150
90
30
130
200
220
30
300
300
20
280
120
180
150
110
130
180
190
10
10
270
60
180
60
240
60
190
260
120
90
300
200
60
110
30
10
220
140
120
220
290
80
260
110
200
90
120
250
50
230
240
190
160
220
70
70
220
260
240
20
20
10
240
50
80
290
200
100
140
70
170
80
190
260
300
110
170
140
60
90
80
230
270
160
90
140
190
290
30
30
50
250
70
20
20
180
120
230
150
140
270
170
100
60
70
230
250
140
160
140
180
250
250
10
110
230
80
260
100
290
300
240
200
120
130
150
70
280
50
10
230
210
30
180
200
280
230
20
30
130
300
250
